6131075449
6124968712
6076237660
6128771093
6071352028
6129121703
6088319343
6117275695
6128968786
6120282594
6056513950
6129688190
7413142964
7408694900
6058230968
6077815780
6129314215
6136261071
6135019643
7395279412
5994608089
6125155677
6129945793
7417655284
6137064576
6131219096
6026138501
6131543710
6132402287
7412300403
7413491445
5426620076
6040724832
6124821052
6128557390
6138291271
6069868490
7409730096
6109357933
6099187327
5463236378
6129314809
6102733756
6096177343
6139583299
6130224286
5419477586
7403607989
6066793958
6092633862
7361106482
6129322988
5461852655
7316090807
5459105102
6139609678
6128905640
5378772477
6128470628
6135936906
6133702537
6088567779
6125187857
17233996
6026954018
7415762354
6132399983
