6129716231
6138291012
6130418113
6127640000
7398873847
6126658709
6121893260
6108929151
6126094179
6124607188
6069098450
6129020266
6138892938
6116246403
7408477942
6040283514
6130863701
6114607892
6113681308
6122190563
6090812205
6065660563
6101829905
6052271657
7417601588
6130778345
6137076489
6127215551
5993482881
7406030070
6056744366
6135380284
6078207752
7357578736
6131075449
6124968712
6076237660
6128771093
6071352028
6129121703
6088319343
6117275695
6128968786
6120282594
6056513950
6129688190
7413142964
7408694900
6058230968
6077815780
6129314215
6136261071
6135019643
7395279412
5994608089
6125155677
6129945793
7417655284
6131219096
6026138501
7413491445
5426620076
6040724832
6124821052
6128557390
6138291271
6069868490
7409730096
6109357933
6099187327
5463236378
6129314809
6102733756
6096177343
6139583299
6130224286
5419477586
7403607989
6066793958
6092633862
