6128836196
6129623881
6128239595
6118636833
6124597850
6084945796
6086300371
6134728899
6098631571
6138470605
6084852106
6110474280
6139150471
6006172155
6125004314
6101316190
6094455866
6039324698
6118400584
6129139944
6068667046
6106410061
6127291357
6044786754
7407294774
6120796157
7374681975
6081835799
6067111751
6079333386
6096990222
6124254500
6063758818
6077408920
6115713361
6067455694
6076688761
6132390458
6061017361
6124789176
7387004277
6117517273
6056495911
5462923119
7411279669
6068964754
6129867353
6130630639
6065742335
6132277507
6066252991
6128811513
6133870269
6125936830
6083486211
6029006564
6108910303
6135214790
6123079197
6111029275
7353104050
6104196351
6083166571
6066671644
5998480198
6068608377
6068516628
6137475339
6120342307
6040884232
6115232512
6070975144
6121641170
6056744366
6103737149
1928981
7405467826
6131404550
6131673682
6132884867
5972209583
7400840178
7361106482
6110900511
6129553811
6070565782
6044696302
7418048436
6049929618
6134367941
7396037168
6127986031
6131750864
6032610681
6059247240
6120828668
6077034320
6066295673
