6129627233
6131545321
7412726005
6127536367
6125000858
6139368397
6102108800
6085666389
6013285742
6105554668
6132155869
6135286591
6113472717
6067877497
6045232469
6115297361
6129953751
6127996810
6080310996
6130959326
6133372287
6111562490
6131554064
7395653360
6127528126
6138753287
6104988073
6135936066
6064368297
6067878585
6061855519
6130283512
6073538133
6058900927
5996406890
6117835512
6117661271
6105626094
6119517859
6071005407
6098042175
6133415553
6122722793
6133589961
6131425833
6128199071
6131279559
6138465992
6104554915
6119719005
6083632001
6136413887
6132726748
6128673830
6118865873
6122569635
7373122736
6122292568
6120898344
6128177469
6129678878
6083557156
6128496994
6057929884
6116366110
6066499918
6132893276
6132274269
6134539148
6139159236
6137938250
6116152976
6129229844
6122565666
6116624585
6130466723
6092452076
7392731571
7414351410
6097604457
6104889314
7410771888
7392169460
6132650234
7366101618
6113571450
6034638863
6035900690
6132650170
6046314513
6104838935
6119231460
6124571418
6128924576
6121227170
6129675168
6075329357
7411372279
6124397469
6131681368
6068285326
6083827769
6071132869
6128363862
6137898435
6134019323
7408825719
6073142341
6129032702
6134637702
6129342875
6131947155
6138266823
6051697034
6053826500
6125349290
6055817387
6127098194
6129260889
6117119754
7408280689
6129877017
6085248917
6065483169
6131364816
6131532629
6042440038
6094820512
5428204441
6122293099
6055179748
7348949623
7406239730
6062004194
7341870578
6127391714
6129041168
6050239803
6126446114
6032187462
7292336182
6030250850
6077519872
6053602641
6129234942
6101947300
6001336936
6117166440
6103347300
6088236630
6124057184
7387296564
6123727059
6121228054
7407585139
6059872866
6127088723
6126407138
6095766480
6113091130
7327238646
6062054476
6076823755
6104045845
6080047681
6127373253
6076277157
6115384046
6134390285
6124588719
7411963255
6120048110
6118654472
6109642814
6134065283
6138945031
6103563070
6129648477
6081932292
6127818453
6091391515
6132330586
6100430341
6130361529
6128659566
6114298682
6003985996
6065973917
6129580052
7417967540
6107427094
7411305270
6120135019
6076527488
6137207809
6120402001
6136565449
6074025708
6057597934
6078721087
6047316316
6110529999
6130134216
6093705326
6138884428
6131431609
6013347966
6114571984
6053905190
6067145406
6117577764
6124298655
6140141763
6104964970
6047349848
6029845654
7410259955
6066276217
6031060969
6107752008
6126352934
6131562840
6040107645
6127065855
6118189159
6066258827
6134267724
6124452986
6131653584
6063613519
7385423408
6121881133
6117938984
6066025086
6070019259
5455008961
6130935838
6072931010
6106999419
6067331034
6127357690
7315867763
6057431993
6074518653
6063537504
6059565119
5990205857
6070859231
6126097370
6052866448
6124254997
6136000392
6133010060
6137504329
6085706541
6077753466
6115490981
6074597003
6127390568
5968838281
6058637150
6100347878
6131700240
6132104542
6120608956
6129233837
6132628059
6127254083
6140190595
6100042907
6116250782
6084115271
6140179336
6084567554
6132845816
7366476532
6053056360
6118535215
7360703860
6033488979
5982291282
6100650079
6047374669
6135477307
6130567017
6102351190
6082707027
6130972475
6131647506
6110664444
7358369584
6073092668
6107105508
6129647597
6064094739
6131895580
5463851139
6129523048
6074274368
6129078363
7404626551
7346819952
7388627063
7417983606
6056774593
7396269684
6065832908
7413387890
6052327375
6053517483
6133177884
6125882624
6125624132
6128124817
6039039971
6135987266
6085373990
6113179013
7399489586
6105872743
7417882230
6129360405
6125123546
6113604967
6126040350
6128556204
6059450145
6077404931
6128373989
6132845574
6120888475
6135851132
7410705847
7411648562
7406369973
6128757158
6132813119
6139659587
6131537429
6130945239
6129894508
6129138666
6139820292
6075193251
6129400139
6125199653
6130574937
6004649168
6088230333
6139598860
6130692246
6138058248
6099954982
6120323240
6126155798
6118297060
6079123657
6103184807
6129777889
6107178583
6085484175
6123892143
5793523395
7327176567
6110765854
6070209493
6127995731
6132564861
6120189154
6051863208
6063296930
6069636128
6067735377
6053529197
6114939232
7415083314
6123644387
6131599893
6128756191
6013093727
6035255295
6122026555
6116438100
6117514362
6118806584
6138993415
6125300937
6137698118
6122576608
6126240134
6135618815
6129766676
6073781770
6076628294
7391610932
6128468432
6129558181
7415245045
6065112394
6105743339
6063966545
6125740117
6127871809
6133132539
6118487851
6095286061
6118601943
6104913642
6094263717
6115596102
6103911975
6138097163
6094784475
6013533842
6109671891
6072577919
6102177698
5993659716
6067538365
5970282823
5463294732
6069300561
6109093153
6120791022
6133770303
6073104290
6130143000
6137105792
6126759394
6138428810
6103488939
6085519050
6069085450
6129656937
6134446715
7293846068
7396129332
6137073672
6107083943
6123122274
6113014525
6134535555
6133046603
6063185465
6097407132
6072406918
5461714562
6072457090
6005873997
6125194104
6132881212
6064280812
6087224858
6054226825
5434667076
6140723144
6125500615
6136883471
6075494507
5440979045
6114683748
6131518686
6123702613
6100956231
6011150122
6130940572
6101425019
7402060081
6125848448
6130939747
6052886375
6120763325
6129622115
6108286999
7384089591
5968233362
6105364582
6132259485
5389357403
6127907386
6059989271
6122404664
6066304419
6129685526
6129904172
7390143671
7414240949
6108929151
6109520700
6129974493
6133817405
6128817018
6065064677
6135585851
6077147535
6103975766
6118657958
6070390241
6105469953
6117160284
6137697990
6068680917
6122224495
6121866979
6095760272
6100722829
6092932415
6051111881
6114312520
6075932739
6061525604
6131659922
6117777004
7355844662
7261874226
6066811832
6137533190
6073877754
6079117384
6088318935
6122134921
6066962941
6118906497
6126439683
7411199537
6139471949
7347749239
6107703545
6070070363
6093862635
6086384720
7408574902
6104910236
6130681695
6129851211
6071143839
6078737923
6109101529
6057075180
5461451043
7378296500
6120516361
6031973484
7343927859
6071654202
6123771942
6058322202
6070958051
6137287053
6112442628
6061373716
6071146938
7417982966
7410858800
6069077514
6066040687
7417993974
6063195104
6106716989
6109414874
6137808393
6138952200
6113075170
6131065488
6050772997
6137871558
6050661792
6137747263
6132784207
6077536569
6131276608
6075449998
7403430646
6129558108
6072221590
6124660122
6140324803
7414123953
6082227789
7292134580
6131575962
6134325567
6101956322
6132111556
6136098748
6054895023
7409422263
7411450417
7369112434
6141036110
7310622710
6132328379
6024646025
6128155294
6110359598
6031880283
6097011410
6027599505
6025260318
6129893332
7332729526
6072606850
6025999549
5416283188
5989294788
6100070062
5462263195
6119437480
6019946845
6104351261
6129259809
6121260072
6127855147
6024594599
7323398583
6125951359
6114936045
6137759232
6137875398
6137756608
5995197993
6112794771
6114572898
6134609723
7402488113
6135382599
6085541510
6064358600
6109347048
6116720081
6061392706
6128419629
6045709798
6129000228
6100996480
6104823599
6136068739
6122616401
6128642362
6142068300
6125237668
6126971856
7403271730
6123736021
6130766679
6113456541
6128897382
6116960038
6086900803
6114260652
6132302086
6130096657
6128868897
6064681683
6046068522
6043476719
5990976226
6111803332
6098117179
7411992177
7352035059
6042401967
6063316171
7299348914
6117916030
7402550193
6130058151
6137871880
6063834215
6071589007
6121843457
6000857631
6124091854
5463193094
6129807018
6096339138
5986521991
6113532348
6113607800
6110757048
6109101613
6112447613
6068163017
6131279757
7414148337
6125044250
7356639601
6139134087
6128557719
7375918192
6064886534
6095291278
6139195405
6077015898
6056649834
6129956708
6066843036
6074968423
6058770410
7410449968
7409384625
7346504688
6135802751
6139609678
6077450000
6125701662
6056262673
6114259706
6134853839
6134641669
6129260041
6048270859
6129318050
5986733379
6069903388
6127541526
6135649595
6125265277
7413009523
6118388579
6115509733
6083985165
7393172658
6121557025
6044058631
7409005106
7347238066
6140584264
5978772330
6121500749
6129409770
6084820563
6073659073
7252465140
7245330611
6120626498
6027285331
6140051524
6117365717
6129335327
6059980049
6094489326
6108651115
6129896788
6128525116
6093399451
6063292516
6081526140
6073991402
6103384515
6108324067
6128148792
6130751727
7300627251
6137777609
6133457102
6050762435
6128975784
6124337934
6129801130
6102736857
6120797755
6111642342
6133060335
5982395087
7415321781
6124901434
6132990205
6102965329
7316090807
6131842562
6131794322
6071173952
6123943264
6133497605
6075540117
6133604866
6140290574
6131821023
6124578197
5391114284
6102695972
6134172808
7359073330
6131110107
6139701256
6119457368
6042439956
6130070055
6129803732
6130810829
6131298821
6138203080
6133260617
6079888056
7314593140
6127792138
6123852951
6098311335
6116171530
6071193675
6133139228
6060789407
6129182356
6031345405
6116670417
7410670768
6012027027
6107090260
6107865048
6038047210
6129472857
6074511055
7397587959
6116317139
6130828054
6065626686
6119904616
6125693468
6078906878
7411434038
6110621203
7407181297
6118383969
6090456974
6088993349
7410954416
7408819189
7367452660
6128647720
6124195629
6062138972
7415328053
6140852552
5458430309
6096850843
7348625073
7407697009
6129118290
6066539691
6132977720
6048114880
6127066603
6091321810
6029537528
5964068367
6134729740
6122340463
6127952169
6112176175
6126016912
6129362085
7411634483
6133130671
6074806429
6114439302
6053006818
6078047185
6085241273
6124738496
6039571611
6061612588
6059345559
6039690709
6070661511
6131696734
5412185062
6064953032
7403705717
6065914939
6012476574
6133803202
6126384859
6001369697
6003635410
6120352907
6054322936
5979041610
6073119301
6134496194
5431529963
6128086996
6129233491
6128552789
6128174162
6130733273
6088651096
6129930010
6091685534
6113836153
6068100492
6131725714
6110253270
6109086948
6127940056
6071672216
6065957602
7412113719
6110039137
7356150832
6128108116
6107531539
7376759027
6056454845
6134368206
6127366169
6105376471
7415464949
7409318706
7362861169
6140242563
5384564008
7395944368
6062769737
6127550956
6141186316
6129431461
6114868508
6114729346
6132146579
6130974688
6129582718
5969887429
6128813870
6110467421
6103735304
6112809656
7410982384
6128909734
6132613512
6128013858
6028158380
6116798160
7308281911
6076604377
6119151578
5994608089
6040000428
5414854829
7412303155
6128822446
6097225409
6126063966
6128279754
6121695645
6097784899
6072129409
5458415444
6120795093
6123095951
6118205014
5426451569
6119454859
6066715394
6102010891
7351638647
6139599309
6130071463
6131638266
6127099564
6100663892
6076369302
6126672521
7415354997
6056036610
13435062
6054819156
16073483
6008750264
6131703061
6102991199
6040993630
7348945013
6120605626
6031343674
6096083544
6106171811
6068976295
6052423496
6027288997
5401602645
7367509808
6135599112
7408627824
7408352881
6126693049
6122258983
6114219237
6133962621
6124831739
6127565247
7343982195
6109256813
6071689617
6121711689
6131247704
6102392170
6140867208
6122671485
6047914120
6128878254
6123373286
7319763888
6001478788
7394812982
5989619911
6056587492
7352740660
6133809468
6069616108
6139617421
7415520562
6061567462
6121789227
6111370921
6128552801
6080020764
6124132588
6136734286
6094041056
7305822386
6117426517
6036321830
6131742613
6129618922
6098059427
6103422091
6132430149
6044354047
6069241583
6131095831
6120218159
6136166151
6055868759
6086358992
6026954018
5419477586
6061901675
7412173559
6128209362
6137310476
6111427853
6126025452
6055498475
6066479401
6086600190
6115321826
6079589974
4551148
6118325959
6041567272
6065877546
7410908790
6128836196
6129623881
6128239595
6118636833
6124597850
6084945796
6086300371
6134728899
6098631571
6138470605
6110474280
6139150471
6094455866
6067111751
6079333386
6096990222
6124254500
6063758818
6077408920
6115713361
6067455694
6076688761
6132390458
6061017361
6117517273
6056495911
5462923119
7411279669
6068964754
6129867353
6130630639
6132277507
6066252991
6133870269
6083486211
6029006564
6108910303
6135214790
6123079197
6111029275
7353104050
5998480198
6068516628
6137475339
6115232512
6070975144
6121641170
6056744366
6103737149
6131404550
6132884867
5972209583
7400840178
7361106482
6110900511
6129553811
7418048436
