6128209638
6119385992
6140116168
6072471072
6131491439
6116658852
6086372286
6122501720
7415748146
6053091476
6126263853
6120254944
6091556076
6119973317
7411757431
6104153170
6136012751
6129805027
6123918991
6123162072
6125513259
6085188038
6129978821
7408694900
6119055826
6134702722
6116519909
6131362259
6119558703
6093608447
6052568665
6119765085
6129548244
6129548180
6122808408
6124299559
5996136261
6133871558
7336497847
6135757116
6132575544
6128040492
6090772383
6130621984
6129283180
6051841924
6001380244
6130719319
7404323379
6126872961
6070953068
6108359553
6054548351
6121581997
6115579590
6056923220
7396387253
6130558611
6092525783
7405846195
6125527120
6130629408
5463294732
6083381677
6033232623
7289429297
6088337570
5989801888
5979874919
6043374074
6062086736
6137435903
6130630639
7261874226
6128808356
6115384046
6073046150
6131166035
6131219096
6131415977
6131638430
6061566748
6078277741
6129936382
6066987947
6117938984
6139993667
6107135520
6134384196
6741399670
6129360405
6096355132
6133440573
6118806584
6138000011
7406896369
7383434288
6130629596
6048622402
6129875801
6041925783
6099563963
6126347665
6131542547
6110456378
6124091854
5399335710
6123667387
6135053765
6119544062
6118414744
6043309129
6131454393
6045046824
6129419752
6127076818
6141774668
6038062117
6061904060
6044172314
6127420835
6134703245
6119540566
6130676639
6059980049
6139265485
6129220201
6130799239
6105396931
7367452660
6074727456
7385578480
6078449881
6135597388
7339197808
6110641696
6079429021
7325886385
7394018807
6127806310
6117065923
6085372735
6065343658
6100531006
6067393175
7410145136
5977565791
7407697009
6132776111
6111427853
6117456730
6096514001
6064588314
6139992899
7319372336
6122146402
7340992371
6070068934
7355322292
