6118293038
6130050953
6129567916
6132918076
6111319783
6113968382
6124743126
6063506780
6130609016
6115581651
6055037230
6131621957
6125377311
6126071146
7410503857
6131608239
6128988065
6120082707
6123218832
6055765530
6109803515
6126266669
6111471800
6129189417
7392935729
6118752016
6128229857
6043180690
7414529334
6128789456
6121312039
6121553737
6123620802
6121370377
6125879188
7411776691
6113318404
6027218924
6070340312
6074838433
6047455551
7360584497
6128389053
6102777302
6131575868
6139249219
6109466181
6138792967
6127847245
6085450978
6025485688
6126438882
6085836990
6077445529
6128813265
6129991383
6118630477
6089314821
6077943867
7329396147
6117797020
6129755032
6065971815
6108470102
6058918251
6128428262
6131423442
6063570266
6043783200
6125010538
6032699547
6078038624
6096112162
6022163275
6118783570
6067723867
6133550027
6077375199
6069795034
6129285601
6076063517
6116228585
6127318498
6079441678
6125603109
7410546423
7369846897
7406391027
6118578111
6129576684
6126375328
6054009627
6070645371
6083380170
6136074303
6126155142
6065804450
6069208539
6050736421
7412441201
6056482012
6116130909
6063571652
6136829312
6128607323
7389373684
7411412599
6042683612
6120373911
6129619428
7415023606
6129990889
6082010831
6100828687
6129356093
7408592368
6140501064
6026015307
6100739901
6124198762
7351383731
6137340358
6079074951
7335643376
6135782927
6117480598
6060962647
7262211440
6135179591
6078695442
6128209638
6119385992
6140116168
6072471072
6131491439
6116658852
6086372286
6122501720
7415748146
6053091476
6126263853
6120254944
6091556076
6119973317
7411757431
6104153170
6136012751
6129805027
6123918991
6123162072
6125513259
6085188038
6129978821
7408694900
6119055826
6134702722
6116519909
6131362259
6119558703
6093608447
6052568665
6119765085
6129548244
6129548180
6122808408
6124299559
5996136261
6133871558
6135757116
6132575544
6128040492
6090772383
6130621984
6129283180
6051841924
6001380244
6130719319
7404323379
6126872961
