6130711495
7411452273
6127890751
6057581800
6055114158
6112301820
6103044685
6133121604
6109520700
6112398879
6130789640
6056245779
6068526584
6123183656
6127377441
6128174294
6125267424
6073453981
6135447875
6125513259
6102122977
6011970884
6131468165
6125787880
6056043028
6109333794
6068568479
6120862042
6074511055
6111471800
6121798243
6117577764
6064303825
7401623408
6124177383
6129121913
6115870424
6113248648
5974952353
6062982109
6121941989
6125155677
6054927591
7396434103
7415212598
6068667813
6064916561
6097806859
6002855112
6115004792
7415080628
6124846309
7290398070
7405525683
6115805345
6066099385
6128262934
6068434470
6114466196
6018634461
6059470911
7413605938
7407156470
6068254215
6039605968
6101172820
7404688818
7415805364
7401312114
5416934449
5989382157
6059835856
6122047168
6128760127
7336971760
6126477629
7349525492
6105152934
6092749404
6076821852
6008047269
6131404550
6139525836
6059212184
6126900269
6127776722
6128052319
6066897309
6062060501
6127032598
6093433365
7312388852
7369916273
6074922027
6073566879
6119766745
6064886534
7401862323
6036823289
6106346795
5456343529
6127701655
6128705869
5404738581
5966006420
6133063360
6052423496
6074453892
