6040167333
6123344543
6086216715
6117297929
7408198775
6055110118
6099954982
6097012794
7414651828
6112525613
6066567702
6131884939
6119040275
6076159420
6131822715
6136495048
7324366642
6108924945
6091865321
6105763871
7389798706
6108527902
6130456943
6129870237
6135146759
6067635781
6135185871
6056448657
6082674589
6040652719
6129308632
7412726005
6098351976
6124601978
7400543600
5979047400
7394261426
6127783230
6092981960
6113978918
6028158380
6128446811
7410162033
6129389395
6035621567
6116624585
6075893868
6077016027
7415546036
6126142925
5970353980
6125624132
6126319776
6047989259
6079074951
6048639421
6112935816
6117900654
5998112782
6087949486
6135993287
6051097984
6102974445
6135744011
7411499441
6124000046
6122841171
6132191435
6127338212
7409857590
6117356781
6136955850
6131213639
6129179984
6127187102
6121006786
6127027333
6127232863
6137952200
6119588428
6126238123
6127383847
6066420371
6122698685
6119457368
6086399309
6136870733
6053240392
6075449998
6120345618
6080095938
6074404303
6124265599
6063334011
6060321748
7391464055
6100091320
5406964649
6117694222
6074578249
5455332781
6015611545
5994181670
6117664009
6077519872
6125747345
6127336364
6130846463
6115188557
6129316446
6007104359
6128386275
6127200977
6113581497
6127301857
7399047607
6122028366
6110001017
6135658763
6046992576
6127334045
6100645546
6129472979
6139149838
6125715966
6116846248
6089168713
6105510883
6133507394
6071149143
7290586420
6134895238
7380861942
7382398896
6109918722
6101163860
5969985118
6113849101
6125091938
6073793979
7411544881
6073192207
6132774853
5970804382
6055462302
6125603029
5977747660
6067538365
6037717953
6104964970
6059078891
6127443431
6113571450
6069506926
5452954506
6110521637
6107194539
6128642362
7377278322
6129639227
7402487921
6067369194
6134555084
6122319594
7408714679
6131910337
6119947546
6086395294
6095533464
6062048274
7340481653
6060862252
6114378350
6131444878
6077536569
6121931675
6128320855
6069478702
7408312182
6129223919
6116446561
6127111770
6094463466
6002817094
5408453418
6122840467
6127865758
6064315577
7412155892
7381243191
6129648056
7404861168
6067603803
6135479499
6133632772
6138189192
6031679165
6138884428
7292336182
6126585837
6067939072
6097820689
7406615605
6085065293
6125861455
7413868018
6136422094
6115947054
6137795150
6137078090
6125955425
6135257990
7413712566
7399682613
7355771893
6119764165
6125736663
7393054263
6129249307
6062367815
6090329826
7375023668
6030444423
6084967816
7399489655
7413867442
6054493959
7396600822
6125004314
6132827008
6108294356
6061586268
6119639339
6118071790
5972071305
7411512881
6094784475
5995566275
6128783312
6119422763
6031674401
6126360874
5463771113
6009899797
6117275368
6049638823
5965375726
6127482665
6123941925
6076246736
6074960385
6059920976
7412759922
6074016734
6110359598
6129720312
6128415324
6127447527
6125448888
