6115947054
6137795150
6137078090
6125955425
6135257990
7413712566
7399682613
7355771893
6119764165
6125736663
7393054263
6129249307
6062367815
6090329826
7375023668
6030444423
6084967816
7399489655
7413867442
6054493959
7396600822
6125004314
6132827008
6108294356
6061586268
6119639339
6118071790
5972071305
7411512881
6094784475
5995566275
6128783312
6119422763
6031674401
6126360874
5463771113
6009899797
6117275368
6049638823
5965375726
6127482665
6123941925
6076246736
6074960385
6059920976
7412759922
6074016734
6110359598
6129720312
6128415324
6127447527
6125448888
7351409201
6079042127
6069310634
6070148750
6060294789
6061755283
6129104893
6124123693
7359645815
5432291682
6132774413
6086062317
6089488425
6125900636
7350242738
6133119995
6127205396
6126895456
6116250718
7404688818
6125509095
5437570473
6076944296
6130271546
7345168053
7315547505
6063316171
6072081741
6116733740
6127396482
6060865406
6077788564
6005873997
6012062814
6137477636
6126347665
6075341265
5976436621
7394839989
6075681683
6129229151
6079226908
6133509116
6068071009
6118383969
7406228273
6039996741
6127794494
6118685286
6138235400
6106171811
6127089125
6117465796
6126239406
7398929651
6111691987
7410871478
6127149674
6066581482
6130743580
6102349802
6126900269
6113226496
6036823289
6123821976
7406827765
6134729740
6049177101
6111237999
6125800676
5378222086
5986370247
6067956879
6133056135
6085764809
6077932805
6119986092
6085325453
7309984886
6135358079
6135357759
6126933161
6120079327
7402488113
6122616401
6086358992
6111115716
6058072930
6114719522
5982170912
6118295470
5378772477
