7412860469
6107634030
6126166118
6115250021
6054451488
6126091073
6068355418
6104598509
6104770071
6076764224
7403850292
6001206299
6117521751
6124698391
6105208285
6118149231
6125593796
6117577764
6060158018
6121370377
6128551959
6058967505
6105332011
6055990572
6134879169
6018834250
6023607647
5970282823
6104628052
6037855785
6104177225
6138311304
6060865406
6126665002
6120079641
5444104286
6042592542
7387296564
6093031791
6075777439
6113091130
7405525683
6127057513
6137205386
6117852646
6115501547
6123079197
5975975563
6135214790
7413489650
6137205514
6132430149
6111169048
7415634550
6059845067
7402060081
6135351494
7407388021
6069747233
6139586892
6136338819
6129713310
6021074199
7410486771
6123282656
7411186481
6062236335
7401311793
7348698482
6118405127
6130081848
6039918160
6075176255
7379145779
6136841476
7347887669
6128501079
7367509808
6049929618
6115792075
5416963706
6133410752
6063457234
6121301994
6083992554
6061302747
7247369395
6133586812
6115876757
6731049527
6129553811
6109226303
6129987293
6134169161
6121912661
6120328546
6129257273
6135908228
6048924947
6126381794
6061583033
6048678795
6059015335
6123373286
6064522017
6115870424
6132060415
6126265749
6020227549
6127151009
6129855069
6107682068
6129207289
6132878149
6137112846
6087273668
6108057724
7389414709
6119012537
6123830780
6122076962
6133183363
6135052031
6129715613
7361659636
6128860063
6098117179
6129104893
6101172820
6123812439
6121695645
6062154704
7358088886
6137805827
6125082264
6135587469
6121122138
7375917938
6117166440
6126358443
7412954869
7336313650
6129292624
6128577045
7286038193
6093693096
6061685890
6076187409
6128566179
7346721010
6131022075
7351017712
6107014620
7387199219
6079218476
6069077514
6059425623
6130125914
6059156671
6126563564
6126167768
6117642978
6037175198
6040173631
6118740068
6077034320
7390050743
6134802176
6128001751
6127959456
6069315746
6039098269
6134729740
7387108917
6126933161
6115297699
7400840178
6137804355
6137804291
6069058232
6135352774
6133648386
6139407884
6128093211
6127170066
6127491303
6127665915
6139122126
6093630930
6103735784
6125046950
6125787880
6136527943
6123788369
6109671891
6078217029
6100164808
6080652558
6074849538
5977509819
6102878313
6123423737
6127434540
6050104209
6078546628
6085213135
6060087398
6061017361
6069813551
6129287952
6071549023
6129993280
6103042627
6081598667
6062982109
5969531430
6076944296
5975863875
7350957111
6110046113
6106046293
6073873110
6092489114
6032754086
6128052319
6084939626
7404082165
6074512751
6131160839
6084611966
6120874343
6070838687
6066187178
6067448220
6076136799
6108003652
6128194655
6126492893
6131595323
6074928675
6106737056
6738556661
7338101813
6038193001
6109261007
7280446515
7343458103
6137744259
7352083763
6128486057
6135354502
6135324239
5981045211
6129254815
6069356014
7403569842
6130276472
6100240388
6128850389
6076044744
6135169352
6107558572
6051912815
6130238044
6053880004
6115089295
6074836472
6126775778
6134539148
6126386407
6111471800
7319548275
6061287046
6137067021
6030261572
6125514211
6122050046
6031111554
6137112205
6122722793
7407162288
6123081658
5440582897
6058078137
6126977865
6129611091
6124087980
6072488202
6054530079
6111029275
6125758360
6125156439
7306388789
5996352330
6135278221
6131556802
6127776722
6129333264
7401307248
6119454859
7408449200
5998155207
6128515925
6073547851
6120064926
6122492746
6131164161
6019997213
7340992371
6005548549
6122272662
7408020407
6127250152
6127491948
6060300560
6135325199
6127132458
6128434325
6137064013
7401836725
7410482739
7351428662
6117551583
6135834123
6084567554
6110648484
6108928575
6123608997
6132706183
6110552794
6075847371
7388288561
6090945177
6055619092
6120796157
6128257994
7404504944
6122402791
6012464549
6121388994
6123644387
6129315612
6119557975
7368950327
6129309855
6074494318
6025701324
6011025862
6129491037
6064708437
5416549662
6052844453
6066715394
7410482547
6120196895
6139569932
6119215294
6070070363
6127418465
6088720704
7399575859
6126712868
6077811554
5415445103
6129335376
6127441313
6129261970
6059023001
6057075180
6126398047
7346504688
6057017511
6066422351
6098622208
6125546730
6065258821
6119293926
6133063360
5449281700
6079589974
7394018807
6110072635
6127377697
6101973316
7415818484
6137810184
6127908768
6028933852
6109152158
7342895473
7411648562
6122023771
6116808536
6124639509
7411858356
6125451912
6138292552
6118969296
6066268183
6105037210
6052653605
6047696976
6132617862
7381031030
7411101302
6136906509
6130128410
6034080724
6014182933
6088298109
6068036887
6087566969
6066479708
6130864957
6095397887
6122257234
6004569856
6129269561
6001073724
6024909187
6130331837
6100739901
7412741878
6119221277
6130418287
6054515194
6126395302
6041151418
6114798236
6072601677
6064368634
6729739893
6124470442
6119239263
6127088723
6105743339
7401312114
6103422091
5401602645
7396697072
6018620326
6065850957
6062372589
6126308907
6079226908
7388771189
6127670807
6128786057
7409854709
7408453808
6042201881
6135836555
6126778146
6126778082
6123802539
6055311383
6093111508
5443039356
6127433772
6133032571
6131285563
7407846065
6126143947
6079026764
7387736816
6057473118
5981791619
6102188437
6134146943
6122758422
6052789398
6100996480
6073389510
6120023383
6119986092
6130149181
6133517640
6135290063
6127361631
6124723943
6108866922
7409270515
6121085209
7348563057
6073453981
6102732425
6117416986
6123671777
6081115474
6070158799
6024892143
7345763955
6118316909
7272332851
6065449343
6094515938
6042052115
6102313019
7405118583
6084021772
6137043853
6046314513
6117058705
6054318672
6027335961
6069146702
6057005921
7410422901
5993659716
6126491554
6091295433
6127862398
6100722829
6123383438
6123450838
6132749631
5967950470
6055199098
6065668194
6126842472
6072395405
6107796135
6056347160
6062840443
6123943313
6122047168
6125053550
6118067435
6134131855
6002398333
6137817411
6089036133
6004726468
6128652882
6081526140
6129252521
6135260544
6071181714
5985837752
7415872948
5994730499
6133588802
6089597790
6127099564
6080822152
6131988287
6129768312
7349729524
5456343529
6130258203
6139596044
6125844646
6125398365
7411452273
6123513751
6091266154
6127246176
6092808617
6057581800
7373360881
6080156794
6124963842
6127611019
6133828991
6067180946
6124970599
6122186856
7410503857
7391215668
6138325384
7332765175
6063177987
6058884668
6137545860
6127252136
6057409771
6080428040
6033498219
6134124355
6063495068
6127174319
6099471425
6129621587
6133210683
6120220672
6127419556
6027588889
6043913989
6125178064
6136612359
6128380060
6034638863
7409555703
6129226965
6126782946
6053559783
6067999268
6063316171
6125740117
6133661698
6136628743
6123895274
6071333629
7245296119
6079042127
6137414659
6128569303
7406918581
6061201148
6107497696
6025112495
6096718045
7263185207
6125084256
6113370342
6126787218
6098762197
6135265152
6130546445
6124264313
6120935598
6128209362
6078202985
6109861757
5996663191
6064358600
6102965329
6109830795
