6125844646
6125398365
7411452273
6123513751
6091266154
6089777571
6098439899
6127246176
6092808617
6057581800
7373360881
6080156794
6126301422
6127445292
6124963842
6127611019
6064339735
6133828991
6067180946
6124970599
6122186856
7410503857
6123183656
7391215668
6138325384
7332765175
6121402041
6063177987
6131949891
6058884668
6120862042
6137545860
6127252136
6064430253
6057409771
6080428040
6033498219
6061070555
6134124355
6063495068
6127174319
6099471425
6129621587
6009576764
6133210683
6115944743
6120220672
6127419556
6027588889
6043913989
6125178064
6136612359
6134330630
6128380060
6034638863
7409555703
6129226965
6126782946
6109922844
7309935474
6053559783
6067999268
7351409201
6121421004
6127450209
6063316171
6125740117
6133661698
6136628743
6123895274
6071333629
6047590461
7405856240
6083491132
7245296119
6079042127
6137414659
6128569303
6127311201
6128360926
7406918581
5397827313
6097121541
6061201148
6107497696
6025112495
6137819971
6096718045
7263185207
6125084256
6113370342
6126787218
6098762197
6135265152
6130546445
6124264313
6120935598
6128209362
6040921159
6078202985
7383248693
6109861757
5996663191
6064358600
6102965329
6105121234
6109830795
6075748228
6059867553
6045089487
6115884930
7336930614
6062294336
6075574148
6107848869
