6126640990
6127611019
6125349291
6121191685
7411573489
7403850292
6068568479
6045232469
6053050218
6120862042
7412813237
6116651493
7403577655
6105619944
6057314468
6104444951
6004296665
6119270122
6069300561
7383005751
6064174474
6121745062
6100869550
6111418889
6027488138
5970282823
6029845654
7415357686
6065232869
6120933925
7415080628
6038023013
6073828615
6115075014
6008735140
6125509095
6033709820
6074888515
6029053051
6022608889
6113628200
7361850740
6112587983
6028358630
6128360926
6075687494
7303709681
6123282656
5415468258
6122078977
7336971760
6122622438
6063537504
6025137061
7412188341
6080137215
6126492893
5445881990
6059396298
7343458103
5462425034
7409573367
6126896601
6122758422
6062614731
6130518283
6128504611
6731049527
6114572898
6135246921
6076695743
