6127199274
6067417233
7415557430
6132996492
6127489617
6125946535
6055014523
6105819027
6131662337
7377424439
6093283343
7415517238
6130007644
6122331819
6033800062
7400729457
6127159230
6126672090
6120670014
6120791766
6125001871
6117425081
6119695324
5409675112
6129734081
6070340312
5973386307
6121500072
7351042485
7410023603
6005967842
6124264937
6125129128
6096112162
6122072365
6101954978
6061518422
6010034878
6083706818
6124127065
6109102631
6128227794
6064821215
6071353065
6121770462
6137536270
6003622869
7400390768
6115030824
6129308254
6110384665
6069310634
7354436980
6041868811
6125861496
6128904723
6051312897
6077963468
7315547505
6130131548
6123948024
6012152162
6128094233
6074525781
6069117208
6129026386
6061069921
6132774413
6021866967
7367240822
6101076496
6131368893
6040101757
6118685286
6053829716
6124183002
6018957696
6123062091
5426451569
6130412719
5457638628
6130223296
5412370214
6125424732
6127162984
6064940497
7410871478
6106387979
6134822671
6121968480
6108613083
6128443517
6057431993
6128699689
5971592860
6132214858
6057942098
6118383969
6070018314
5999062983
6106171811
6111082747
6130005402
6049641385
5418145580
5979036825
6058670992
5989260847
6011214755
6125965400
6079902953
6073439618
6058072930
6067393175
5425270858
6098502804
6095862278
7351288369
7408754290
6123381330
6112110101
6080689516
6105996426
6121422113
6058014160
6077932805
6068139990
6058784283
6029698987
6122609217
5987678031
6125825126
7409384625
6139272396
6066192022
6116321045
6127478160
6120078932
6089954606
6133004228
6113967418
6128900359
6057388668
6078721806
6043104678
6136863306
6078006367
6125921361
6127552185
6040346370
7407769589
6120559719
6128140156
7353859892
6127154605
6110353566
6120354346
6098810963
6131190925
6071080275
6068427812
6070859372
6130531645
6094230231
6104474111
6120001887
6075023397
6126080939
6115841311
6061755283
6129931226
6085718817
6110556306
6068232869
7409642740
6116733740
6096682465
7293846068
6136375876
6129354950
6065639008
6104402317
6099351997
6060581024
6085811716
6121260072
6136735949
6067271891
6119857552
6061846334
6112748985
6116765863
6125842856
5424937771
6074508985
6123963479
6113872546
6131370621
6091932520
7403887093
6112442628
6125679022
5452723456
6129736835
6122220706
6131637568
6083875271
6121573846
6127296484
7359031093
5428416363
6113758979
6100663892
6121489550
7402488113
6121075984
6068142817
6126450986
7407876592
6129118290
6126076267
7405330358
7407876789
6128797983
6111852793
6112734210
6129223609
6121122585
6132882701
6104185119
6120456778
6117348048
6073012175
6125797606
6062385773
6035958873
6133609158
6066251795
7384328624
6068640791
6127090856
6112194555
6128339680
6126852754
6126290667
6124843418
6029037712
6069040104
6125735836
6122691344
6122256036
6053517483
6127510353
6013347966
7410361841
6053602641
6063203640
6118002207
5437570473
7407809715
6089488425
6073781770
6139125774
7415381172
6136192458
7345168053
6067961181
6045471177
6129142613
6127177128
6126533391
6080082306
6116127135
6065784893
6122216456
6055095399
6129151570
6032170089
6116978799
7336495155
7401111028
6106300104
6117586964
6123091884
6051534443
6105504090
6132805573
6093058953
6067153785
5389357403
6085961385
6120223582
6131055693
6044287759
6127714750
6102858350
5970976520
7384089591
6080163546
6024992717
6118380245
6105159661
6127223340
6055526433
6126228707
6133718343
6128252182
6127370785
6115256376
6135710088
6112519469
6124311522
6125029243
6135586957
6133581250
6080885157
6056163677
6069211466
6093875135
7396106038
7314369264
6126255316
6108752537
6126223790
6114298682
6130194908
6072881786
6107261777
6105391974
7407361908
5964719919
6126238691
6128577429
7392731571
6123129150
6126866253
6124944973
6103588433
6054498786
6119765085
6069514303
7319647348
6063488956
6093418594
7350541553
6135178063
6129996379
6139212942
6123553194
6063758818
6125168043
6107090260
7408287154
7324963060
6109893805
6123861223
7413387890
6075614978
6010404582
6068936719
6108654689
6109199258
6064826559
6032935070
6129294286
6046356070
6099209272
6070949970
7377381361
6124123693
6122336620
6129832516
6127851427
6124156205
6126599139
6129143773
6023905161
6133296130
6113013398
7413541236
5441687796
6106351422
6063083173
6117487773
6133132539
6123955479
6026967367
6136066631
6069332945
6040109278
5387633329
6092918398
6129123994
6126173029
5989120849
6130022407
6087282041
6121308408
6126230830
6124526493
6069241583
6133527174
6132907899
6128288803
6102253890
6039996741
6116075140
6106601488
7410701682
6111165411
6126275361
6119045690
5989949995
5986370247
6126305984
6068618017
6050684940
6019867311
6132270222
6121866730
6046722117
6055660113
5988820638
6076467451
6126854509
6130889277
6067956879
7257299637
6104823599
6104492141
7340602995
6114629329
6129223929
6128458583
6131312072
6129599770
6093946957
6072814533
6111814554
6103400488
6134760960
6127809880
6119436503
6108362064
6129176720
6089773793
6024620523
6062591269
6134340678
7393442673
6119988561
6121243886
6070620111
6121465132
6035974821
6122947476
6118752016
6120661712
6054313787
6099553096
6132073157
6052330286
6009620322
6041845380
6118715244
6061449041
6100560771
6129212216
6104459426
6135041540
6132640399
7360913392
6132910209
7354875633
6072977898
6104986201
7407181297
7401720050
6125283887
6072241104
6122134921
6066535112
6035917374
6124057184
6125936830
6128688083
6123386175
6125848448
6088993349
7400934774
6132878787
6122284654
6127753628
6062596931
6136272071
7415495030
7407892470
6126089387
6127940056
6018150445
6119210053
6127149674
6021141290
6732080117
7398106804
6110147161
6099239506
6085764809
6070168672
6135358079
6075552683
5964068367
6098469125
6138243720
5981394823
6071875385
6114041569
6126766661
6099444384
6057961555
7415751476
6132618754
7415493622
6083643909
5970957574
6074720709
6102392170
6109022917
6118523387
6110150977
6126266669
6120106603
6116239740
6125949699
6044043757
6050189997
6077277980
6075099339
7402284400
6038047210
6126906705
6071186330
6119267875
7406798896
6121376955
6059562962
6029675108
6126909797
6088216850
7408498227
6125481282
6113774309
6118546506
6064424057
7342272882
7258245104
6066671644
6028421157
7336311283
6054242814
6126779887
6050205781
6062357515
6071163410
7368399280
6124168232
7414606070
6129476600
6121677672
7316231345
6129929565
6128148792
6051558063
7408373808
6134969728
7359478325
6088875669
6065404042
6122997567
6127188330
6121103225
7349542071
6118324140
6128345018
5991624326
6044993192
7390224307
6096329891
