7405033975
6128206167
6126414370
6123682770
6112853394
6124262742
6111515682
6114259706
7407935031
6125747363
6060533536
6121684024
6079042000
6128268671
6126887693
6102383238
6130012614
6125139000
6127368315
6128509423
6107317246
6065978782
6129079954
6139119118
6117839443
7398612403
6053116747
6117703525
7345610869
6133372287
6119380429
6128558930
6073441761
6120935418
6127960736
6078124547
6064532496
6116948483
6125683544
6063866017
6085726950
6101804004
6138075464
6053826500
6111886931
6132392188
7408637362
6087995472
5990671022
6047495191
7353001460
6128708731
6118847527
6107137593
6079174952
6120148379
6108751633
6117923755
7397225395
6134693007
6091446052
6116152976
7346632117
6133699850
6109735252
6061843299
6071552202
7369846897
6105814564
6108517016
7371838838
6123070872
6116592930
7409016625
6123569555
7411741877
6110937946
6068799335
6123074531
7415072628
6136477191
6117669370
6136352323
6069230287
6130345244
6136396109
7404567795
7408728887
6122569635
6119882525
6102438271
6132490107
7347522417
6040675367
6123467751
6105334239
6127871890
6127151651
6125593963
6125533735
6126178515
6091280272
6133155968
6109726293
7411723316
6130206650
6119210401
7410148403
6121368796
6126266821
6128403479
7351358192
5989391864
6087977961
6119685688
6077019406
6073916489
7325237043
6096525665
6095010450
6070325178
6041717074
6092986515
6128035289
6123741225
7352740660
7390327922
7339376244
6049973133
6127166420
6123337849
6127995964
6112298522
6060217530
6070916506
6125986531
6036356840
6076644523
6135277887
6109261695
6060230148
6136853770
6115564325
6130283512
6136886280
6125087981
6081835799
6125737864
6028305567
6113562301
6055913176
6079199701
6127703699
6047135200
7410425073
6095618137
6135094031
6114675016
6085241273
6087871694
6085481598
7403644848
6122713690
6097870668
6069616108
6125058904
6116931734
6000071866
7392334964
5975593320
6029899944
6064414380
6116263592
6135061129
6131404169
6081462342
6097148604
6050094154
6129801434
6114624935
6131329095
7349564214
6063615006
6089153120
6067893267
6082162194
6126653996
6001739118
6127095676
7351234290
6070644331
6109491880
6061331710
6080486767
6016921314
6105626094
6009021567
6032760718
6094099036
7412790581
6126103398
6076970849
6097760475
6118053154
6135176143
7351383731
6039396482
6093194565
6069572345
6109699050
6116712896
6056203948
6062443437
6125898029
6024991109
6133879373
6066763431
6131742523
6125678099
7387191347
6024892669
7410259955
6052842901
6081292126
6002099800
5400098664
6127350121
6127021034
6056828809
6085343444
6058318316
6066962941
6090423943
6079204734
6076620217
6119362196
6104381295
6110621203
7345905653
6117735446
7410432116
2698618750
7324647602
6125636974
6121404883
5971759772
6126563744
6136734286
6117301117
6104196351
6132715461
6134839683
6120214893
6112866876
6120793553
7358767221
6040883489
6117050582
6121004514
6128790721
6019070635
5409919451
5991169354
6007025253
6108033002
6126296203
6133445058
6126618594
6064345534
6064855951
6118028440
6124235472
6037951865
6116986049
7392758837
6105447647
7408049590
5969758523
5449676364
5401363512
6125755089
6036193822
7315867763
7338794741
6121916519
6114657254
6075581058
6076351573
5996164072
5998500576
6119733487
6125929033
6049189761
6120763325
6085927737
7385578480
6106375965
6128969601
6072692183
6103948295
6129140921
6120373449
6113607800
6126615725
7349445940
6130629596
6107724519
6124426725
6062138972
7325886385
7307159414
5988894489
6056223085
6099391427
6059398871
6118307138
6133920591
6079140288
6108232953
6106292564
6132791420
5455149864
6137565635
7398374519
7413274484
7415284726
6111222250
5384564008
6136678403
6128878608
6117713124
6084617358
6118751893
6103922504
6129282314
6042238688
6069643454
6118683020
6006799912
5965522556
6128843583
6091142894
6136797060
5427436610
7358175156
6085072392
6045709798
6114986784
6097602664
6071724002
7405309552
6130370557
6071672216
6130583299
7338468855
6048709192
6137585484
7411484849
6132572412
6092986387
6113286437
7406508787
6104222105
7405096176
6124768599
6127437005
7348726260
6082771844
7403064880
7404948720
6077451787
6127487257
6135206591
6104358521
6121080039
6057763734
7402256373
6131254077
6059811364
6110693114
6139056526
6129387579
7389777905
6135158089
6109679942
6127320172
7308539893
6074704699
7405905713
6123935929
6100949860
6086315224
6125032918
6115296343
7352145910
7358116982
6110656723
6123912211
6122496725
6137114318
6128008217
6126544980
6087250573
6077884999
7341245809
6057819305
6085058735
6128238040
6103911975
6116899393
6063877599
6118299140
7415309620
6135926788
7333555825
6127332396
6122147785
6047154262
6063525615
7404428210
6130190843
7348949623
6129332190
6128001049
6124513729
6114964797
6061386885
7347043766
5987930644
6026712782
6076063517
7374518961
6108128761
6095957126
6124358891
6055528012
6082457409
6125624363
6118565583
7310622710
6133589961
6131538300
7404323379
6128888136
7367709046
6104051072
7337319984
6129847133
6125270737
6121912153
6127034435
6029706991
6049952044
6023026072
6113272358
6074718266
6126567560
5425535923
6054789273
6113604967
6127770966
6077079058
6126653793
6125163010
5979985190
6134287233
5999752392
6035820075
6129973967
6126448254
6079142237
6113014525
6061715715
6040405368
7392210228
6127393440
7391760116
6070208860
6072167224
6034241129
7351287990
6054223341
6003438801
6119786259
6115753616
6029485787
6083381677
6124756041
6133496706
7415426678
6127387104
6125926311
6078551524
6042867781
5433892042
6010658244
6063325251
6116644962
6074138698
6086957715
7346997620
6011150122
7324838131
6117992707
6127398908
6107757091
6069723086
5967294631
6122219938
6137958472
6135138249
6120312771
7363857141
6059173497
6120626498
6039105803
6097092556
6051562025
6063695844
6071538560
6133501698
6117397136
6123708759
7411129076
6126073389
6115561249
6121495135
6043309129
6128103879
6117456730
6012975675
6068799828
6046005313
6121085458
6056036610
6029537528
6048311372
7348757942
6119374173
6117659015
6101722337
6055615007
5977006307
5458649155
6124679546
6068100492
6002401308
6089388027
6102463802
6006762829
7356150832
5996954734
7413801460
6087627781
7378572531
6075869694
6103757925
6113286873
6131454413
6126089194
6127222633
6130252024
6072224274
7407836849
6123856789
6129648477
6121109712
6107126013
6085734811
7392608181
5996036132
6133049551
6050750718
6126787365
6126243048
6126711087
6113912461
6128328634
6126902496
6086073743
6127052845
6035104699
6134700361
6113122850
6133572682
6126801435
6121749476
6050101542
6129015186
6036260095
6032522337
6131210510
6123218832
7402692982
6110123513
7408305137
6023234046
6111242115
6080394495
6123695515
6041227598
6009483052
6104643211
7345301553
7399689392
6120206123
6075037135
6059909994
7360703860
6112090607
6106412440
6062825854
6125280686
6050414864
6113056715
6134398412
6031880283
6051984070
5987534830
6137394243
6060743823
6124126571
6107074390
6058542561
6027218924
6065615899
6071422304
6084064621
6068115239
6115839405
6128867503
6101614220
6124011683
6039070356
6127980055
6127611262
7360584497
6065543391
6123520518
6136804100
6109562106
6117714759
6077587328
6112345099
6126788289
6006829457
6018703444
5981958416
6059001619
6127210340
6128661308
6127065855
7401257841
6071776258
6105414349
6135532556
6122434324
6123151701
6062086736
6086528021
6129452318
6101706274
6042535952
6129037257
6070668795
6113235090
6125841443
6055723226
6128522626
6127104040
5980828484
6111976709
6044912365
6128377336
6088987751
6127268497
5979936023
6135077321
6056659933
6091092501
6067801882
6071589007
6078737923
6059293885
6065254306
6128873168
6129124368
6095039661
6064858711
5455987813
6123614878
6124094761
6058451929
6108398306
6129930010
6109101613
6128934867
6124470301
6087661900
6123259747
3319243
6129022342
6084503086
6019749311
6135382599
6048755648
6120561499
6069573981
7407964855
6134485834
6060742240
6128408466
6120828668
6122211329
6055048664
6038604696
6040190101
6088617693
6102991199
6130134970
5442999366
6000814437
6073374602
6114000261
7399984757
6131004741
6105512530
6043564744
6091348951
7405784500
6127184103
6117391067
7408574963
6123911548
6110395983
6128177810
6122596675
6085706541
6102108800
6130125851
6127438993
7323443125
6111898235
6127384888
6130863176
6129088966
6067560673
6091633582
6127731861
6128215648
7375270135
6128043772
6091116779
6119127294
6121650645
6127135167
6062591957
6125647978
6063193232
6127013285
6114414275
6071716414
6095364518
6079768330
6065524933
6119976915
6068387225
6125664106
6129929667
6133531970
6097182865
6117448670
5969007008
6054694762
6118644547
6089766357
6070870080
6104703638
6125882624
6103547177
6032890072
6079441678
6131265669
6114939232
6113101967
6084444262
6109429587
6048933177
7338716146
6078695442
6060675285
6085382479
6114039581
5964048155
6076988143
6060635864
7410366195
6057965280
6120958738
6063966545
6111056109
6059260463
7401414711
6127571794
6088055952
6059872866
6108954384
7414548020
6129581214
6072739900
6128468432
6067325304
7289429297
6130610758
6042505209
6048336194
6084199764
6107357928
6105846181
7389072049
6073659073
6075792896
5998010049
7374460019
6131747468
7399126640
6127187497
6127583253
6124638299
6131057725
6067077246
7415505974
6127976194
6121580011
6127192108
6128171642
6055635389
6047433933
6126438037
6138203080
6051327760
6101842872
6134694858
7407561399
6120581756
6120002878
6082128931
7415123126
6066415322
5977347781
7383814327
6117415336
6131616834
6118451740
5463294732
6127366060
6119517859
6121589743
6076035261
7388627063
6117219944
6127160301
6137089610
6053889239
7350398768
6128025111
6095126748
7350074802
6114584619
7321132980
6135028100
6110028768
6126292845
6040052078
6021184465
6085828296
6077361855
6063185465
6129612060
6078675599
6037409187
6115524352
6118806584
6134267724
6133083067
6099256389
6117651134
5968838281
6107144889
7404849270
6129860611
5986697559
6087998313
6130528646
6115569784
6129135826
6123514333
6129289624
6129131369
6110456378
6074518653
6132058253
6107703545
5971882686
6038267617
7393194418
6129883386
7411401393
5463439840
6127474587
6129150879
6128818062
7411505457
6123134351
7357934131
6063270631
5436541537
6123977753
6119529868
6067790842
6121554791
6052632641
6118636833
6126667347
6075153657
6063876141
6108778337
6125748718
6050789437
6106330922
6059613714
6094123560
6125352426
6074723855
6136201482
7281862774
6125766062
6054929391
6067146795
6117075880
6129207297
6082201040
6062421551
6131683648
6021760548
6121312039
5431206570
7400955638
6065594443
6128444755
7412091317
6132111556
6129127033
6128566200
6121792931
6058278943
6056600135
6119757293
6118837959
7347119475
7411085937
6127030821
6095484540
6060262281
6085373990
6132111690
6133475196
6137692803
6093906533
6090762769
6115668896
7410022705
6084022731
6114957959
7403958005
6092324860
6124693394
6136166151
6111097495
6035004970
6031795418
6120128091
6136142851
6129868378
6738864887
5982568002
6070662182
7391098161
6030724669
6039864167
6050205901
6132387147
6113426584
6125179694
6128409107
7339197808
6129291160
6098215522
6128387497
6132358907
6112312854
6128450659
6126545192
6134638209
6076066031
6105500391
6129127225
7400087031
6129137721
7345190000
6114666373
6117797020
6085248917
6081323436
6086573656
6107395643
6124688536
6094393595
6033065978
6052568665
6131033221
7399334256
6124838740
6112742694
6126461720
6135185167
6064979230
6123950609
6124198762
6057867323
6043628622
6135188102
6128656722
6100070062
7409429751
6113138567
6116154462
6109101529
6131067778
6064049182
6135199177
6071398312
6134255232
6119533539
6066597407
6129490067
6117133860
6081805501
7356352626
6117155928
6018380493
6080513818
6110744166
6064764122
5456593913
6130302584
6117238740
6043063246
6129898374
7364233845
6054818757
6018442185
6110335760
6135199433
6125763346
6123048460
6130359757
6126960325
6135091782
6092898685
6117066986
6133665158
7346607798
6116580742
6118330971
6110110934
6134050763
6134119438
6044688610
7398956720
6088816410
6113361370
6076955533
6136497927
6059921400
6104526662
6128223331
6022545055
6113862161
6068734908
6120634137
6129115833
5989265754
6008013985
6063296583
6071734477
7304889140
6113836153
6133864767
6110438187
6060912727
6115512238
6129265666
6130704330
6129108703
6120571691
6055528298
7363038705
6070765404
6119184559
6088230333
6129213648
6076145949
6109983137
6138205192
6115297361
6111187625
6104424933
6084134072
6108301800
6077836741
6124390491
6122565666
6117119754
6113366758
6111662529
6120440898
6131221180
6093336894
6118604890
6051111881
6128250656
6128706892
6130220986
6128305440
6133540546
6121760486
6126787981
6121228054
6096578127
5968728904
6065742335
6128919440
6121729827
6040527657
6136946573
6118441681
6129498629
7346725556
6066422144
6125862691
6130717148
6064578769
6123688723
6060076426
6122508578
6084318303
6129194753
6125790456
6129606750
7397508977
7409370999
6081230791
6102553096
6073288232
6135116806
7411354673
7073790199
6111336442
6123423850
6059394282
6087055169
6088651096
6128996637
6117840463
6064588314
6123046145
6135636359
7268687924
6125817963
6124416965
6051470651
6125033661
6062807641
6075215957
6133694855
6127251220
7415527926
7415527862
6127417447
6077547209
6109707759
6130276605
6127857241
6129118265
6125555045
6115581651
6135154244
6121500316
6123310818
6059347366
6125870392
6119591812
6065266927
6116865099
6129033730
6058202105
6006977574
6113325261
6072876895
6135246726
7411505009
6129994842
7387729712
5454021087
6127754244
6088956740
6036740196
6119231460
6123439140
7361466869
6132274496
6120467412
6125237060
6062950575
6128158633
6125935687
6127161837
6073877754
5426488797
7324355827
6032464217
6122859095
6019943433
6125810798
6129125241
6116699337
6139481932
6088337570
7404908596
6064232851
6128841229
5438567448
6134618307
5973592047
6067009423
6134775937
6060926279
6053925101
7408798705
6130400061
6108676500
6100393378
7243849074
7377992371
6056797727
6122354323
6129997178
6089079434
6129211522
6057929884
7335268080
7324139319
6113640326
6087970368
7409422263
6124200828
6121649751
6105592542
7411358769
6028140949
7399378929
6110811866
6128458531
6111287997
7397851187
6109267872
6064964033
6101873735
6128458467
6130099391
6107770596
6119180014
6002179529
6042595411
6135356362
6120610651
6032972304
6126049324
6075666233
5991970336
5966309733
6069266073
5987975717
6129062494
6010053765
6128298331
6122388248
6051350692
6086855443
6126201830
6109851393
5977482319
5784256454
6091805533
6131336074
6088674267
6123826594
6062951085
5981945740
6135349582
6126654657
7415016052
6126248742
6111534235
6120149599
6104405849
6125563656
6120134843
6119283221
6122131095
6094742083
6116174374
6109919482
6134010623
6116867924
6136232263
6127038376
6037879524
7415530230
6121363616
6103026442
6112809424
5463242664
7394778996
6117789101
6104990214
6106725025
7405679088
6127949714
6136659018
6101188174
6108648665
6039901150
6133511298
6135144576
7321264502
6096990222
6109521372
6112215813
6110609257
6115687466
6050239803
6139179086
7413888374
6120856272
6121101754
6089894050
6082686287
6741123186
6126740700
6069163713
6128789343
6120968799
6005378209
6066473864
5404251986
6048622402
7395541492
6127233425
6135177097
6135015881
6127549193
6133086015
6130838273
6124760172
6137392132
6133204813
6086852928
6061670712
6126612450
6071264806
6127595070
6137076554
6129469587
6137665795
6133058747
6129168799
6127132333
6129073237
6127033637
6135221766
6127027324
6108915862
6120764941
6132196613
6038727014
6132739525
6129264984
6134744129
6131308797
6130689244
6130218682
6070390241
6137420356
6127445841
6037723559
6040022457
7412791093
6131227403
6129113017
6139087694
6055119575
6116531753
6068151562
6129980314
6128318944
6128178198
6127110568
7415730996
6127444945
7415500214
6139453260
6129109225
6126569683
6135136842
6127699582
6030549268
7410208566
6128162453
6086439488
6103384415
6127102762
6114902780
6122509755
6080156354
6080628359
6060629484
6122000684
6127124461
6121143336
6136780490
7412824501
6119837288
6134741313
6130114523
6127732414
6130305976
6127287140
6119927108
6133062011
6114380327
7413787442
6121109675
6091535993
6045839883
6101826561
6112238878
6127304620
6129128185
6130126767
6133544130
6112070636
6051703833
6129040431
6096114939
6101557964
6072338494
7270903543
6126747036
6057131794
6117291810
6129103785
6135171465
6133449212
6133058811
6129190672
6136971661
6127221908
6135693643
6135115648
6127135277
6079245698
7413734258
6129981944
6028257239
6071654202
6129609694
6129140073
6139179278
6070032775
6127153706
6068765578
6011816869
6064238504
7409493751
6136971853
6135294847
6129070613
6129170079
6129072661
6126635618
6133451388
6128047577
6090694242
6061134824
6068811423
6134603791
7298923575
6117850076
6076759149
6116969022
6046997191
6075973443
6068672143
6132565636
6133455612
6109425251
6131282109
6137449028
6105601323
6136521351
6129650458
6137582979
6070581668
6080057685
6116223177
6134011969
6059769683
6127028833
6088654225
6128293536
7402339511
6130002651
6128921749
6127622846
6116495661
6126636645
7412775221
6132715909
6108836608
7392493745
6127991256
6130738379
6128204887
6137450051
6072829466
6127252580
7338335669
6125187182
6128974191
6130280175
6008336399
6128215936
7415115508
6094817995
6127177940
6090624604
7407079984
6136165575
6129126137
7331931703
6121374337
6077408920
6097147363
6067333666
6120283287
6066412199
6046068522
6122558101
6123004895
6092534092
6063390496
7405958898
6059802342
6135156751
6132865979
6128694044
6128831259
6127691006
7407913398
6026842214
7383879539
6104645587
6126155818
6128516563
7407310644
6076502468
6096671691
6137654787
6125286811
6088085483
6121618874
6002746888
5982303932
7345855603
6061689979
6129020376
6118120338
6051918191
6123667387
6130707143
6130401007
7344005428
6040884232
6037487530
6090741998
6125255149
6059315623
7380647986
6070302733
5451222829
6109692862
6081618654
6127205332
5981694910
6055397738
6126285862
5459345006
6122328858
6129124665
6005094073
6093318038
6121568442
6070215467
6105510739
6129461011
6095430436
6129876026
6022920570
6134191295
6125507275
7410396662
6129183967
6060424789
6137631747
6134779905
6112911557
6118405689
6080753432
6125342564
6118463435
7359073330
6136844232
6109399445
6125993890
6127072276
5991427772
6134736518
7407689075
7350497847
6084115271
7402355632
6060496337
6125349290
6080192772
6119584494
6138556686
5443811630
6055179748
6043180690
6139487692
5459696384
6128398307
6129598991
6004112641
6124789176
6070667973
6124579448
6119832025
5458981703
6126977124
6119478119
6088163558
6133293129
6124464671
6114455791
6135254086
6130025227
6092525783
7415132662
6131077437
6064191913
6129506451
6119811032
6123238883
6128217750
6131289021
6062890582
6126222126
6127314988
6111397671
6126623584
6123950293
6124046078
6112970980
6117721344
6116366110
6136925258
6116892346
6128023365
6105354153
6132452552
6116956925
7355434165
6122909885
6055501501
6129126585
6065466255
6138318604
6125287200
6087107455
7412376818
7250072949
6129285592
6026791253
6117797735
6093922257
6105094490
6119421766
6068177199
6096973312
6061458666
6130134216
6112151261
6127360167
6075932739
