6136331975
6122017405
6112321117
6125052782
6074025708
6129787648
6125491810
6125015402
6079042592
6122967013
5971536610
6124288148
6126775000
6105552732
6069365574
6090786714
6115769695
7350244915
6065985367
6074704521
6126858428
7413578038
7410402162
6126985030
5980859514
6054549162
6125455506
6118507042
6113038763
6128033754
6130214511
5963913961
5972227196
6103354916
6070745723
6130520709
5461729060
6102070371
6098169859
6103672579
6032277929
6129626458
7391320242
6129175173
6081239939
7407198385
7305998130
6124422929
5984241087
6065626686
6123736278
6129112605
7354538162
7384921456
6127464151
6118205014
6116517398
6029553382
6041363434
6069790381
6127534883
6040119514
6075856363
6126187865
6067665580
6055847451
6102311277
6076030438
6121227170
6115172548
6122949092
6128983993
6128471004
7392145649
6134590273
6127659964
6129669658
6060304137
6123962812
6123049508
6115252839
7367845940
6070577480
6108467054
6127785168
6130320879
6127066660
6116861866
6111784441
6071271531
6129061487
6105780730
6114269505
7405307958
6123943264
6129001992
6132142797
6121428117
6126951250
7400742448
6134979328
6131733052
6125244645
6127755736
6124347055
6127608126
6121760329
6070417829
6133385666
6138343054
6133375502
6113728808
6138761868
6134637702
6122041251
6047202919
6134422989
6135822925
6117399375
7354066738
6078611752
6118488985
7382414646
7407827696
7290144113
6071891431
6077943867
6123293860
6107061265
6080948994
7307977140
7408169264
6088322670
6129436638
6119688651
6052499548
6101650346
6136091975
6106224350
7412046068
6126059665
6129140056
6127568597
6128329616
6129356093
6133850687
6051009892
6104794136
6122272091
6126651820
6125636665
6130783180
6102507947
6125021732
6137968584
6110127936
7408408370
6127229612
6121746478
6116230716
7403332983
6129514269
6126329950
7409161783
6126019981
6077125828
6122412970
7407571312
6127043282
6132621957
7346656630
6129650269
6091556076
6130944127
6121963151
6129260041
6115347653
6055513607
6125594274
6112204029
7325609716
6062791068
6058920607
6105982904
6134959935
6079933733
6126556539
6125275748
6124732004
7412789108
6073585826
6116378637
6130560706
5995078781
6063785232
6130577472
7406671217
6110128400
6073061001
6133993799
7334008628
6112878313
6137293188
6061171118
6118067598
7411792050
6115596102
6125241064
6126134509
6086809886
6066542213
6129672733
6133139529
6128681362
6117232409
6067735377
6123620802
6080121185
6036740324
6010083281
6111127993
6118250691
6038542366
6078038624
6111977043
6089751954
6123107731
6124561128
7392169460
6073947074
7407891699
6125446283
6126654177
6104255531
6127759139
6078288782
6105849582
7405225527
6129117779
6122969294
