6128461648
6127812121
6127273488
7406504755
6128536297
6064375992
7369846897
6115512238
6108517016
7371838838
6123070872
6116592930
6122775597
6125946535
6086267711
6066268183
6128163784
6079906588
6122131095
6108795258
6103851306
6079160415
6128971998
6057763734
6116846248
7403850292
6069470465
6074373712
6129170640
6067077246
7408714679
6119988561
6066335887
6117590407
6111829325
6125670955
6119685688
6125986531
6120791766
6110765854
6127995964
6125349290
6060862252
6092898685
6084024939
6131904972
6127595070
6125046950
6110410643
6127323984
6075099339
7365810164
6121792931
7345301553
6114403201
6033065978
6092981960
6123841442
6077004419
6075037135
6079199701
6102878313
6121500072
7408312182
7350541553
6127090856
6060230148
6087871694
6085991865
6131221180
6035621567
7356400438
7406168759
6069146702
7351383731
6044150942
6126973409
6053889239
6081598667
6062982109
6119191838
6129715613
7415430710
6107509094
6130851519
6056203948
6126103398
6030298093
6112345099
6116263592
6127034435
6135061129
6114732330
6075932739
6084444262
6024991109
6114964797
6034036368
7409762933
5439920410
7311248435
6099209272
6126977124
6074960385
6128542933
6060743823
6064979230
6130187514
6039396482
6091741803
6126278487
6133226884
6085828296
5401193941
6125283887
6079243354
6081292126
6076291485
6123955479
6077079058
6129143773
6105846181
6043628622
6133739404
6134267724
6007025253
6127571794
6109504159
6082960828
6072977898
6121004514
7350242738
6113974887
6065278174
6129612060
5982303932
6105838621
6130286264
6128789343
6113235090
6032464217
6072241104
6061483358
7405956210
6136702920
6126448254
6125075930
6065647332
6011025862
6128279754
6126296203
6127387104
5457717856
6063537504
6107035363
6126089387
6074033005
6128577045
6128996637
5433603803
6115852629
6043309129
7367452660
3330307
6126047790
6075587786
6121260072
6085838572
6044764491
6076351573
6126588193
5462007558
6128288803
6062206176
6135116806
6080650282
7395357107
6109101613
6036193822
6081618654
6067909536
6129124368
7338794741
6135267263
5993482881
6059394282
7349445940
6136452100
6132430149
6117992707
6102463802
6136753032
7387108917
6110072635
5397710280
6107969659
6062070266
6089597790
6114629329
6132765837
6125546730
5973357206
5977482319
5416963706
6103790279
6101722337
6134729740
6056036610
6127173851
5988666684
6052147936
6137810184
6029381510
6130286840
7291559862
6049929618
6066406789
6129901274
5428242281
6117065923
6103922504
6056951526
6117969117
6121085458
7398374519
6128843583
6134160071
6064886534
6088617693
6068100492
6069058232
7268687924
6114719522
6036823289
7378572531
