6064191913
6129506451
6119811032
6123238883
6128217750
6131289021
6062890582
6126222126
6127314988
6111397671
6126623584
6123950293
6124046078
6112970980
6117721344
6116366110
6136925258
6116892346
6128023365
6105354153
6132452552
6116956925
7355434165
6122909885
6055501501
6129126585
6065466255
6138318604
6125287200
6087107455
7412376818
7250072949
6129285592
6026791253
6117797735
6093922257
6105094490
6119421766
6068177199
6096973312
6061458666
6130134216
6112151261
6127360167
6075932739
6132774853
7305857205
7340700854
6012476574
6124902851
6074089747
6080082306
6111803332
6078204500
6093031791
7413541236
6120925547
6128688083
6060865406
6070084265
6074525781
7404688818
6057511578
6117166440
6114466196
6105504090
6042591691
7263185207
6126259243
6118978212
6135214790
6108613083
6129615518
6074508985
6119490857
6127338913
6128467427
6131344765
6133099963
6130484783
6126220974
6127776722
6126257579
6126257771
6012062814
6126606444
6119857552
6134822671
7408346864
5995268294
7368399280
6127170410
7402060081
5410122743
6119986092
6035847932
6126483660
6056649834
6055404526
6113992737
6062070266
6127834217
6134169161
6126803667
6086358992
6115297699
6121573846
5981791619
6121422113
7387736816
6058095743
7379145779
6080728538
6108571931
6077034320
6123623014
6082832021
6131164161
6126592365
6124985633
5462828490
6064062239
6131988287
6139485580
