6118083239
6138927950
6129237854
6074536794
6108250825
6122109977
6101454843
6125498530
6134933696
6128932025
6088243810
6116337190
6094874626
6127818453
7407716855
6083698308
6128028813
6136092430
6129039960
6124397469
6109835066
6129934648
7389261047
6120472706
6126438882
6126942681
6117569483
6125854012
6120277073
6125513322
6092459536
6072438600
6124744596
6107316190
6129214383
6118128911
6120269352
6130054171
7350691697
6104700742
6074965201
6042435434
7373784884
6136570692
6139345740
6024679212
6117384316
6134018111
5968399574
6001450983
6123471931
6135713034
6134671434
6032520515
6104283180
6049032715
7392119924
6039642281
6085272257
7415023606
6060076634
6129848154
7396387253
6114989024
7359218035
6094380841
6133646987
6139104140
6096901338
6126460335
6119252199
6124350058
6126973957
6115490981
6128334051
6058038907
6127565247
6132493951
6117501335
7408234864
6102310203
6123099989
6118823654
6120872813
6124988908
6128485082
6038647659
6118329352
6126615843
6131634108
6116264021
6127291357
6122754018
6127357502
6102961578
6072199317
6124602671
6057524220
6111562490
6137040836
6135593159
6087471191
6036989653
7343262837
6123633861
6129653316
6064419719
6100559997
6063570266
6067719329
7329069878
6035127045
6118422045
6011600110
6092543188
6132640139
6080072597
6129211645
6066525756
7415664052
6109655209
6126409633
6126917945
6087380735
6123975952
7311994160
6073538133
7323751349
6074679998
6067002564
6060683884
6057771453
6115709545
7409393975
6129776861
6075009290
6125058071
6108205671
6126379368
6137457736
6076797029
7386012727
6129046653
7336497847
6123548370
6091285004
5990053893
6108049887
6054244681
6074261594
6118783570
6081522636
6121365117
6070863428
6117400122
6063895783
6124097083
6081641225
6049277701
7415379382
6105138787
7382621623
6091815464
7396269684
6040000428
6132991371
6125861612
6066318677
6127811580
6125687396
6066101905
7411474741
7396129332
7406028850
6118520589
6117278221
6112844311
6139087308
6060587135
6024721707
6026267883
6080047658
7403149108
7370294832
6133046603
6129203288
6133861642
6074559116
6127036003
6094351278
7397285430
6118742873
5987741998
6127158484
6127826720
7405063095
6129878874
6103488939
7408819189
6123373819
6010154783
6131251138
6075583162
7399261429
6017218342
7395766771
6135115273
6085335105
6046639251
6116185253
7383963447
6058828258
5988882890
6034358182
6089272964
6136769165
6111905790
6102692761
6069387209
6133455106
6058408158
7409437431
6070542334
6135635595
7391911413
6135113929
6126974949
6129050025
6054327947
6128921449
5997853693
6102935318
6132681285
6062123936
6129103455
6127054820
6134583488
6124757763
6109547093
6132721723
3758659
6043632633
6119254188
6106043322
6104813599
6091114713
7351630129
5972204864
6130627740
6058925780
6094044640
5977887085
6111447119
6114578854
6115660756
6023097159
6078934674
6046007577
6066295673
7396037168
6057383318
6078503890
7409318706
6127986031
6062769737
5394885213
6125348890
6103504644
6044105124
6062447715
6116858622
7305842997
6119439014
6128650456
6112607803
6099340571
6041989895
6123258177
6029773726
6129127952
6007324689
6134368206
6125498916
6126168171
6133138620
6128461648
6127812121
6127273488
7406504755
6128536297
6064375992
7369846897
6123070872
