6106716989
6133954427
6137148813
6111176952
6131650259
7399875511
6131158806
6130692246
6105742419
6139628611
6125563656
6076066031
6130307820
6056446125
6132638148
6127611105
6130243946
6058161061
7415748146
6128270998
6073449722
6136595144
6124672198
6072327386
6129844717
6126091073
6131821023
6126165142
6118968867
7405096176
6099392527
6125421268
7410272949
6129360095
7409629105
6131323594
7413908278
6142221582
6134641669
6128813265
7410503857
6115267683
7344629683
7407104309
7398216048
6130469868
6084742014
6127254083
6104913642
6131522455
6130374329
6129797449
7410700087
6064333845
5402971547
6129012645
6095362726
7413019249
6102040089
6139056526
7413225012
6120705195
6122065262
6131304645
6100949860
6074483323
6104574622
6080057685
6131554064
6050535913
6106870782
6132309598
6131218745
6088267793
7357033460
7412659057
6133375502
6125513259
6053116747
6081142364
7338429748
6095375322
6125804260
6127862246
6118130605
6132563162
6132041257
6131322199
6126155798
6129116962
6104928865
6120567205
7403362738
6135851132
6118025386
6138320262
6130430567
6120558509
6109383898
6138680907
6115958040
6120093129
6128929963
6132163032
7416062322
6136413887
6109576726
6139820292
6074973380
6124197249
6127125678
6124927833
6131310679
6137687375
6118487692
6122658808
6090389806
6139598860
6050736421
6089965822
6063571652
6108544546
6029414238
6129401528
6125647978
7416650162
6121776546
6110703558
7415899573
6131101853
6132048979
6125139105
5409491252
7310935284
6113640326
7395004021
6067753439
6131904514
6098797344
6138266823
6129904483
7415904116
6135133436
6132042058
6133265528
7412601587
6098351976
6079980344
6049032715
6133146204
6116070457
7407906801
7358369584
6125138201
6107395643
6136166779
6114897285
6133175983
6056710648
6064020973
6122677782
6097182865
6129142439
6057758398
6105619944
6132227858
6132274320
6129198818
6060683884
6107898321
6069146702
6125527120
6130080917
6051946943
6128756191
7407309685
6135177097
6132123625
6130511919
6105832602
6137905033
6117828002
7415646389
6061283737
7404569271
6119836802
6087550625
6115252839
6132215881
6137247691
6139196804
6074028798
6111915272
7393054263
6137895563
6115440981
6065731416
6078501215
6056818334
6115486529
6113022827
6116105326
6133675725
6056482012
6093869991
6058637150
6128810862
7401582197
6134968321
6131258784
7393470834
6116935577
6096648144
6131265870
6057763734
6109679942
6118248086
6102732425
7398612403
6123218832
6129709986
6103026442
7375023668
6135669884
7390224307
6110128400
6067146795
6128511837
6135768201
7404039734
6117416986
6128540689
6094703447
7418221238
6124923477
6068640791
6028681181
6129979985
6108905694
6067719329
6126026472
6122307669
6121370377
7408848049
6067735377
6124264937
6039690709
6058286682
6009318494
6105002706
6122641531
6098042175
6030002001
6021010072
5974261152
7413457843
6128137963
6118083239
7394282165
6126272666
6137615296
6130888030
6121357779
6061406181
6108127277
6129431461
6126348666
6126352998
6134783558
6131916217
6126528016
6132525642
6138111168
6125237668
6118745761
6129898507
7398015281
7414514417
6133612549
6082570143
7412600055
7378162993
6115490981
6136687439
6134228749
6129606504
6130484332
7397162099
7366296503
6117679641
6117934895
6106572246
6122292568
6124265599
6085501643
6139176387
6076900604
6099558546
6120960686
7417206900
6130272353
6135485826
7348133811
6108107616
6064419719
6118783565
6127935649
6092921417
7356400438
6126603873
6102507947
6128444755
6129289836
6139159236
6042637767
6130459193
6131966712
6116899393
6061145425
6093608447
6071874821
6054774935
6124993797
6119754372
6117900654
7367709046
6119289580
6064233048
6047495811
6128891630
6124464671
6140162314
6110028768
6129485817
6132584414
6118604890
6132793373
6062443437
7413888374
7325741555
6054548351
6060675285
6058084876
6054318672
6098820053
6137374599
6133145500
6129567916
7412554679
6125202054
6137503119
6120561953
6098090130
6120323240
6124832292
6119529638
6116924510
6140002570
6134188354
7402769655
6114286695
6126984736
7356250614
6129777889
6138906952
6055872172
6142561292
6122060690
6074731225
6074247112
6085712657
6126927826
7414240949
6114899973
6066704903
6126166118
6072997576
6127731861
6138327430
6055684892
6083827769
6065395896
7350658547
7408477942
6102961578
7406082037
6097350367
6131268632
6032782190
6045484069
6060751109
6140012746
7376146996
7410270455
6131129109
6110832333
6121813406
6139066564
5441385813
6130183847
6063111333
6125046950
6066764002
6129877017
7408694900
6121462092
6130970362
6049877703
6051603092
7387729712
6138157120
6086938170
6022163275
6119407214
6048377768
6132881179
6128453544
6077884999
6032984517
7406766707
6130229357
6092354479
6102186695
6131799696
6111370921
6106399527
6128040492
6068387225
7414598961
7389631859
6128995627
6107433637
6111203259
6122492132
6104364013
6135021963
6129814613
6137843521
6081062137
6133555548
6071213088
6130440830
6127688548
6119556905
6132991098
6135352463
6133145738
6112366520
7395859381
6064191913
6126793633
6112219980
6131517501
6117324196
6135701698
7402983475
6066524074
6097905682
6134002813
6109385389
6112356166
7414512309
7358345841
6122131095
6132321414
6119184559
6088875669
7387940272
6137020032
6108488676
6075852200
6135791810
7390066870
6060710588
6128411804
6109261695
6051750238
6074681668
7411208051
6114019815
6049973133
6136906509
6090893118
6113535571
6096752650
6131982744
7411915889
6097494358
6130540186
6069636128
6116624585
6040208600
6136886280
6130952533
7358116982
6100091320
6071193675
6116576678
6129356093
6112931402
6083468802
6129536249
6132204905
7418837364
6073538133
6130190843
6100272060
6065615899
6051984070
6113101967
6026712782
6132139177
6022770181
6076836097
6126977124
6055179748
6119264595
6136679177
7412860469
6135017084
6129576170
6106679916
7410546423
6128642362
7411526579
6131843010
6138612427
7414346673
6130481639
6136354364
6062342876
6135676738
6083380170
6139371466
6132988527
6113725588
6132458142
6066415322
6139043146
7415831670
6085666389
6127925459
6122600996
7412771253
6077753466
6132173481
6071491713
6131548157
6130239085
6140617475
6101361023
6131568338
6121103225
6060539300
7360243889
6130346660
6132784207
7400919607
6117797020
6057524220
6116800813
6138075464
6132169755
6124839911
6066026365
7404445107
6115757783
6124709565
6131772370
6103735784
6096792314
6093466320
7373784884
6134126278
6121343994
6116736189
6131937426
6132298232
6133035867
7406582261
6067933285
6137207809
6113248648
6125106402
6039642281
6061586268
6073400015
6062398987
7404428210
6113366758
7414606385
6129023639
6131389692
6129309803
6127862359
6049314310
6109671891
6111308093
6062872861
6132399518
6116002185
6129078950
6136471168
7401940530
6111319783
6121431791
6107634030
6105500391
6133646987
6056286853
6136126651
6128978711
6131206313
7412259763
7407011765
7369846897
6080753432
6104405849
6132910106
6117669370
6129311342
6067298671
6115726190
7374433201
6129151340
6130345121
6119186601
6133139850
6087145869
6130315353
6132521950
6130406692
6095130466
6068285326
6051847230
6085845802
6128313565
6065719699
6136012751
6121575269
6078450878
6118783200
6053641545
6138388927
6138019663
6137933581
7404992436
6001445959
6103186262
7403077879
7352644017
6121749476
7418340596
6133260617
6129207297
6126555557
6124483439
6040652719
6130051437
6105554668
6129281066
6042705223
6006612041
6129616977
6075201550
6065449343
6131734713
6079199701
6103911975
6121461482
7344987440
6131396610
6044920296
6130375777
7400543600
7414351410
6129515426
6104988073
6089698725
6127719438
6120252069
6130214760
6136207817
6140056909
6078439578
6031111554
7413346545
6038621000
6119234666
6099188811
6045912251
6071005407
6118738223
7399814135
6115909039
6130282499
6130255533
6119385992
6131537429
6131017065
6125389533
6136352323
6129237854
7411634483
6130467411
6120741161
6131368095
5990830413
6114213191
7347933296
7398554928
6129001992
7410236208
6081212600
6134004106
6128859562
6130172394
6136428930
7410148407
6132200093
6139958408
7416515442
6120539091
6118047578
6128673830
6131159698
6133497605
6117176280
6132057210
6127983311
6127711707
7377424439
6045013522
6120456778
7380212913
6100347878
6137340228
6134781064
6125749018
6113938668
6109473408
6136359164
6138035274
6122527053
6138030150
6121173371
6131350167
6118823654
6128343460
6111107613
6075448786
6139181069
6116264021
6051327760
6052594433
6111829325
6130187693
6125479131
6093952145
7395653360
6117721344
6130857007
6063193232
6131728699
6134637702
6107316190
7417649398
5970942145
6115367405
6040652527
7325237043
6128320855
6123337849
7392731571
6044786754
6120135019
6115866503
6139614599
6108933148
6122343648
6124254997
6126370861
6122257006
6127222633
6136330187
6090420837
6123569555
6125966751
6127767131
6131358997
6136578428
7377892852
6126540307
6133229752
6132429368
7414625777
7412559479
6129934648
6118865873
7412553591
6136206478
6128105000
6102516424
6109642814
6129751973
6137182143
6132028930
6072775721
6129685464
6131813714
6137780545
6131621957
6130574937
6069651875
6115559032
6124448082
6117137832
6138435711
7412165301
7411025267
7411944884
6111881112
6134485261
7407406646
6133155968
6119973317
6132284831
6119698450
6123918991
6130379348
6056590103
6125657336
6068249900
6123126994
6051306877
6059905935
6113268795
6058812452
6123671777
6117307975
6079112224
6086073743
5977409531
7307977140
6137920649
6136502719
6125257964
6133677507
7400305334
6132955086
6119062052
6128719197
6142253260
7383131315
6053050218
6089546365
6125650218
6076902271
6114667645
6128159485
6059015335
6065234728
6079203805
6132375262
6061070555
6063334011
6125187182
6139009927
6117239078
6120642091
6108026862
6136784196
6060304137
6130187417
6122259224
6130270241
6102807550
6099975068
6101073317
6130310233
6129748190
6134175613
6083667016
6119537559
6060392470
6122984971
6131428448
6130826061
6125875547
6121636071
6129797177
6083465485
7389572657
6131733052
6059361762
6120183315
6100042907
6068526584
6126457198
6058892833
6136272462
7337255092
6103791305
6093183480
6118473155
6079933733
6131209759
6131276608
7407283895
6057631126
6127172715
6074723855
7342540145
5996698727
6132231225
6131421152
6119946385
6075325996
5973002233
7418104694
6131461359
6050101542
6091787602
6129258276
6106283239
6129949732
6063296930
6061843299
6109655209
6126765991
6096266490
6129605657
6034864230
6006288919
6130884201
6114239017
6073092668
7359694386
6129416557
6135610444
6129992534
6042440038
7415023606
6057597934
6066220249
6129446686
6068700898
6121892669
6130180193
6128239595
6130581308
6136250116
6140635715
6105361358
6111669152
6135537218
7405330358
6130632956
6122380798
6132569555
6137469897
6130516204
6130510956
7415930738
6122569635
6075129677
6134728899
7377278322
6140081229
6126210641
6128684828
6129437576
6128008171
6124831739
6137596166
6062921885
6124397469
6128308461
6069891717
6124713792
6122517803
7355742708
7345028464
6127930594
6127334045
6113159996
6130062207
6129233837
6057245584
6132238057
6130130853
6131517847
6058355423
6138261632
6086399309
6081007132
6139044040
6141296840
6116394585
6058920607
7329396147
6136201482
6129261249
6110648484
6125352426
6121541079
6137944649
6075726564
6077024136
7369818102
6089657565
6059095267
6087250573
6079580794
6135209666
6050189997
6113978918
6124688536
6097570120
6123651344
6130567017
6101650346
6132120041
6132811525
6050104209
6137736449
6121637772
6138059968
7412155892
6110561123
6137924495
6108718627
6094525229
6096585112
7385458420
7351358192
7409274864
6051009892
6122317859
6127723586
6134784827
6129886309
6127191442
7411483056
7393400567
6140654659
6095279142
6040776834
6139407884
6130467351
6136518854
6128120955
6139193800
6092800660
7408274417
6132221842
6130335843
6138157455
6092516830
6096731174
6130232554
6139121735
6066268183
6128268671
7415657714
6131665162
6137634125
6128988870
6079105733
6114022469
6137880257
6132667649
7415575602
6075451275
7347211191
6058895004
6069208539
6123460221
6116130909
6083643909
6107766171
7417702516
6086202315
6033991075
6127072517
6113787439
6123946202
7403332343
6124048787
6138024137
7416780660
6071641563
6054493959
6036260095
6078881798
6125616335
7411540657
6129409730
6130050953
7412422711
6132300409
6072628782
6128749972
6126403472
6132918076
6109852126
6136000392
6131949033
6127046786
6124462913
7400475059
6129748065
6103741208
6135015881
6129527182
6125446283
6124082784
6129958686
6111264381
6124903518
6126671317
6126844253
6127549193
6120225785
6077186982
6110179599
6138057487
6129029075
6091391515
6134969728
6130144106
6130630170
6059355995
6104277136
6116846248
6127437439
7412860534
7415917942
6122066113
6091820765
6039247632
6116424938
7362070515
6135895941
6118535704
6124988908
6130613950
6127597983
6130143314
6125008813
7407403251
6078629863
6076408518
6136799054
6110150977
6135293568
6072276108
6082674589
6126801435
6134539148
6139927756
6132266192
6129024744
6133118875
6131294240
6136049536
6126662076
6125603109
6132215227
6133877309
7418636406
6131974367
7411484336
6125476412
6139972108
6078653866
7408728887
6131941269
6129138666
6128820246
6054073557
6131600663
6116660774
7321548787
6080157657
6095466820
6124262742
6138776076
6082777625
6105582810
6131585431
7395959028
6083244157
6126466134
6130911038
7402223216
7414450994
6057968095
6130789640
6061261587
6066420371
6131314006
6118996812
6130998399
7359077367
6044236102
6132902747
6081046272
7409506800
6124297401
6123822941
6124850234
6080798872
6131584787
6131491936
6128660324
6127357218
6086173060
6138292552
6103184807
6112087006
6128787393
6070279596
6131407802
6136074939
6135930890
6129226157
6129140500
6134209533
6140845059
6136499711
6059985862
6046135032
6108915862
6132192233
6073453981
6055635389
7360132787
6118857647
7397010611
6130060565
7411516464
6125091881
6113921791
7375799729
6080310996
7409609524
6055765530
6137957128
6137956680
6077395294
6128700740
6111591591
6051711329
6119660693
7407229750
6121828071
6129328878
6069424835
6066834691
6105469953
6744450995
6066525756
6019501528
6043783200
6130466723
6135649595
5428204441
6069822355
6117336336
6074025708
6123620802
6039618968
6019035813
6132806365
6078663065
7348589557
6132362704
6076686206
6131148067
7332076082
6132362576
6132306834
7360584497
6057626003
6010294623
6136884807
6112176175
6128199071
6137526726
7405917617
6133455612
6090889259
7394487410
6095910600
6130550252
6063506780
6126019981
6125029243
6119882525
7414190706
6126971856
6138160196
6141374536
6117559004
6127847245
7253299376
6076405795
6117861794
6132628059
6050789437
6105622439
7405466610
6041547750
6070307897
6127457828
7383982903
7339376244
6133830108
6131279721
7290586420
6129627233
7417043124
6135179531
6112655179
7401310960
6136665026
6109742040
6083623805
6131213639
6132650049
6140812355
6121941373
6133019741
7403604850
6139813197
6128506574
6067633452
6127227160
6111910233
6128679972
6110474280
6038647659
6073001952
6065391623
6108778337
6077900189
6113030784
6120898344
6130608650
6061200536
6128448912
6126857443
7367211447
6132059989
6137230409
6130258663
7353357941
6120935418
6127613499
6128802158
6091479002
6131346153
6098284163
7401797362
6115581651
6127686786
6129589206
6116344587
7406223472
6128802243
6132893128
6085484175
6121598728
7415957173
6120152849
6113967418
6129647741
6127390568
6126810343
6126909857
7292186550
6128308884
7322193073
6120734268
6122628671
6133609787
6132444248
7411806963
6128229857
6021760548
7300799217
6072268928
6122909885
6053056360
6042576504
6064844693
5971440703
6128491821
6131997507
6136254523
6139371460
7379760563
6073998019
6074849538
7353001460
6136478338
6108774456
6122215465
6105408317
6108800853
6114265127
6110003242
6130945239
6098231184
6116325742
6087299915
6103568277
6115629211
5969887429
6132013850
6088287619
6121711689
6130081258
6106278109
6137073216
6056270997
6137175947
6129671889
6118250691
6118847527
6132844940
6085249495
6133724616
7345301553
6122179118
6130682512
6070401725
7415986165
6138296704
6081315076
7333524466
6129246822
6131077437
6132198936
6129724759
6120328546
6070684077
6078288782
6079644684
6117339424
7348563057
6129117922
6125530647
6081105819
5991624326
6126438037
6101316190
6140359491
6114512639
6110765854
6132262613
6129940393
6128485178
6108751633
6068883234
6055911629
6085248917
6104700742
6136659018
6137112846
7407769589
6129808292
6128974191
6133408762
7305998130
6131404169
6113361370
6119786453
6134927299
6132459227
6124513729
6100722829
5972978846
7412687607
6068115239
6129283180
6106216193
6035102254
7410422901
6139671047
6122975067
6074679998
6121734677
6131683648
6076970849
6032890072
7414494961
6070504830
7363608433
6118620014
7404323379
6129292624
6076680559
7399962166
6136643900
6078675599
6082960828
6126483104
7411494066
6123168274
7398097010
7407914292
6131394553
6117683359
6121532826
6078326090
6095451810
6138877067
6129960656
6081697378
6091893652
7418679412
6034482761
6131779292
6075382628
6137504329
6126769132
6124982973
6117060970
6121928901
6128196676
7387740913
7413939062
6043141201
6132269077
6074579605
5461763431
7382193141
6135809487
6140935816
6025836242
6111032731
6073692108
6128880779
6078038624
6117722199
6119662103
6121500072
6001450983
6054285293
6129799714
6114779458
6106082269
6047990253
6127354598
6137045899
6112859174
6113611563
6136579334
7408280689
6040008913
6103931171
6075975456
7401409015
6140670979
6118644547
7393172658
6120258616
6074751233
6124630336
6054754492
7416974578
6097760475
6081917324
6136881796
7335643376
6085382479
6129621351
6057867323
6059260463
6053558935
6131358227
5978772330
6059473954
6126426349
6063185465
7412339121
7384210612
6130424084
6069776412
6129849701
6121628892
6033780433
6129026386
6125163010
6133526200
6137698118
6060629484
6072739900
6134984586
6132317202
6123629780
6122354323
6137914895
6128777323
6074793528
6136188356
6054354773
6118601943
6118513595
6130462433
6129616276
6129284636
6137077632
6130553425
7410982384
6132393215
6127815585
6136685954
7415530230
6131277913
7360703860
6113783595
6036989653
6073786301
6132417363
7415973429
6117058705
7387191347
6140583812
6089728512
6079074951
6069040104
6063630365
6081666571
6135367687
6128124817
5463294732
6070370718
6127360167
6062156650
6060831822
6139099018
7358767221
7411199537
6074888515
6127826720
6115841311
6099786247
6124578887
7340203184
6133226884
6130645457
6133095066
7411425968
6129019435
6104964970
6123520518
6086042956
6102997864
6112587983
6138414790
6064424057
6129354950
6129360405
6073781770
7414687601
6132338553
6128468432
7391911413
7414620785
6119798096
6139381511
6138783879
6104645587
6104768044
6129755522
6142362702
5982096703
6122297054
6120622231
6103358117
6140774280
6128177469
6132331472
6125513322
7389373684
6030123865
6117703525
6123511399
6125175147
7398621808
6107691549
6107153763
6080235685
6129422527
6114074309
6070578317
6075802050
6085706541
6069174166
6137633792
6075453838
6035764058
6107319961
6043229094
7418894452
6105243560
6063325816
6073704923
6085978703
6130409953
6132136809
6129888225
6131333590
6063143258
6124843418
6122224495
6126412625
6132706183
7417122486
6074578249
6108155672
6135715141
6091707395
6130940670
6059999307
6056235296
6094817995
7412946289
6120362256
6132390458
6138336719
6131437240
6134937531
6135176143
6119012537
6128567019
6061518422
6057230333
6137468033
7410361841
6124629504
6132192917
6130521400
6024646025
6133311561
6130185169
6130221996
6137959360
6130513828
6107363617
6138340815
6014106924
6034415451
7354875633
6070084265
6138110147
6125636974
6067248550
6138422982
6120033643
