6126199716
6121486562
6088891437
6066834691
6128962187
6125323193
6128900306
6127455382
6110148395
6128127519
6131225359
6127322814
6131225359
6119259293
6071641563
6131225359
6099550037
6136684547
6079123657
6116538471
6056173031
6127482238
6121625336
6137957128
6126013670
6089546365
6135012303
6126883202
6057291925
6119514234
6090893118
6134783558
6126099724
6127142124
6132466505
6126099724
7349121777
6122949092
6122949092
6122949092
6122949092
6122949092
6122949092
6122949092
6122949092
6128843583
6128843583
6128843583
6128843583
6128843583
6128843583
6128843583
6128843583
6128843583
6128843583
6128843583
6128843583
6128843583
7385458420
6121392764
6121392764
6131225359
6121392764
6131225359
6121392764
6131225359
6121392764
6131225359
6121392764
6131225359
6121392764
6131225359
6121392764
6131225359
6121392764
6131225359
6121392764
6131225359
6121392764
6131225359
6121392764
6131225359
6121392764
6131225359
6121392764
6131225359
6121392764
6131225359
6121392764
6131225359
6121392764
6131225359
6121392764
6131225359
6121392764
6131225359
6121392764
6131225359
6121392764
6131225359
6121392764
6131225359
6121392764
6131225359
6121392764
6131225359
6121392764
6131225359
6121392764
6131225359
6121392764
6131225359
6121392764
6131225359
6136092430
6129237854
6121392764
6131225359
6121392764
6131225359
6120472706
6072438600
6121392764
6131225359
6121392764
6131225359
6121392764
6131225359
6121392764
6131225359
6121392764
6131225359
6121392764
6131225359
6121392764
6131225359
6121392764
6131225359
6121392764
6131225359
6121392764
6131225359
6121392764
6131225359
6121392764
6131225359
6121392764
6131225359
6121392764
6131225359
6121392764
6131225359
6121392764
6131225359
6121392764
6131225359
6121392764
6131225359
6136570692
6121392764
6131225359
6127818453
6121392764
6131225359
6121392764
6131225359
6121392764
6131225359
6121392764
6131225359
6121392764
6131225359
6121392764
6131225359
6121392764
6131225359
6121392764
6131225359
6121392764
6131225359
6121392764
6131225359
6121392764
6131225359
6121392764
6131225359
6121392764
6131225359
6121392764
6131225359
6121392764
6131225359
6121392764
6131225359
6121392764
6131225359
6121392764
6131225359
6121392764
6131225359
6121392764
6131225359
6121392764
6131225359
6121392764
6131225359
6121392764
6131225359
6121392764
6131225359
6121392764
6131225359
6121392764
6131225359
6121392764
6131225359
6121392764
6131225359
6121392764
6131225359
6121392764
6131225359
6127565247
6132493951
6121392764
6121392764
6121392764
6121392764
6121392764
6137040836
6135593159
6127357502
6121392764
6121392764
6118422045
6121392764
6121392764
6066525756
6121392764
6121392764
6121392764
6126917945
6121392764
6121392764
6121392764
6121392764
7329069878
6121392764
6129776861
6121392764
6121392764
6121392764
6121392764
6081522636
6121392764
6024679212
6118783570
6118783570
6118783570
6118783570
6118783570
6126379368
6118783570
6118783570
6118783570
6118783570
6108049887
6118783570
6118783570
7408234864
6118783570
6118783570
6118783570
6118783570
6118783570
6118783570
6118783570
6118783570
6118783570
6118783570
6118783570
6118783570
6118783570
6118783570
6118783570
6118783570
6118783570
6118783570
6118783570
6118783570
6049277701
6118783570
6118783570
6118783570
6118783570
6118783570
6118783570
6118783570
6118783570
6118783570
6118783570
6118783570
6080072597
6118783570
6127158484
6118783570
6118783570
6118783570
6118783570
6118783570
6118783570
6118783570
6118783570
6118783570
6129878874
6118783570
6139087308
6118783570
6118783570
6118783570
7382621623
6118783570
6118783570
6118783570
6118783570
6057524220
6126409633
6118783570
6057524220
6118783570
6057524220
6118783570
6057524220
6118783570
6057524220
6118783570
6057524220
6118783570
6057524220
6118783570
6057524220
6118783570
6057524220
6118783570
6057524220
6118783570
6057524220
6118783570
6057524220
6118783570
6057524220
6118783570
6057524220
6118783570
6057524220
6118783570
6057524220
6118783570
6057524220
6118783570
6057524220
6118783570
6057524220
6118783570
6057524220
6118783570
6102935318
6057524220
6118783570
6057524220
6118783570
6057524220
6118783570
6057524220
6118783570
6057524220
6118783570
6057524220
6118783570
6057524220
6118783570
6057524220
6118783570
6057524220
6118783570
6057524220
6118783570
6057524220
6118783570
6057524220
6118783570
6119439014
6057524220
6118783570
6057524220
6118783570
6057524220
6118783570
6041989895
6057524220
6118783570
6057524220
6118783570
6057524220
6118783570
6057524220
6118783570
6057524220
6118783570
6057524220
6118783570
6066101905
6057524220
6118783570
6057524220
6118783570
6057524220
6118783570
6057524220
6118783570
6057524220
6118783570
6057524220
6118783570
6057524220
6118783570
6057524220
6118783570
6057524220
6118783570
6057524220
6118783570
6057524220
6118783570
6057524220
6118783570
6057524220
6118783570
6057524220
6118783570
6057524220
6118783570
6057524220
6118783570
6057524220
6118783570
6057524220
6118783570
6057524220
6118783570
6057524220
6118783570
6127986031
6057524220
6017218342
6105138787
6066295673
6123548370
6135713034
6057524220
6118783570
6057524220
6118783570
6057524220
6057524220
6118783570
6057524220
6118783570
6057524220
6118783570
6057524220
6118783570
6138075464
6125683544
6065978782
6123682770
6121684024
6126168171
6133138620
6057524220
6118783570
6128461648
7397225395
6129490003
6126224038
7411526833
6133479996
6133469506
6134775617
6130247354
6134703553
7415455414
6127124461
6129183967
6135185871
6112525613
6076159420
6130456943
6129870237
6040167333
6123344543
6129179984
6127336364
6117425081
5426451569
7400390768
5409675112
6067417233
6125001871
6131662337
6125946535
6105819027
6128699689
6067417233
7411452273
6121541079
6129261249
6128174294
6124315611
6103150229
6002567717
6127856830
6128540183
6135234496
7415842868
6129220201
7339152503
6114368613
7411621937
6122255518
6139272782
7413933554
6124031967
6054819156
6137537156
6129341528
6118852077
5433774850
6127515047
6137784323
6130565551
6134330630
6130814236
6111301195
6128482775
6089777571
6126701908
6131422781
6126548834
7356400438
6097301327
6122863824
6135789133
7407914292
6135789133
6127567441
6135789133
6127352596
7411627441
7371727733
6070025120
6120763896
6071126781
6076527488
7399302896
6135789133
6134870337
6129295583
6135789133
6135789133
6053867543
6135789133
6135789133
6135789133
6127433952
6135789133
6007119395
6135789133
6135789133
6135789133
6135789133
6134879169
6107634030
6135789133
7379145779
6129713310
6105332011
6137205514
6137205386
6068355418
6135789133
6115876757
6061302747
6105332011
6135789133
7405525683
6105332011
6135789133
6133586812
6105332011
6135789133
6105332011
6135789133
6105332011
6135789133
6129257273
6105332011
6135789133
6120328546
6105332011
6135789133
6122076962
6105332011
6135789133
7412954869
6138311304
6126358443
6129855069
6137805827
6129715613
6105332011
6135789133
6132878149
6105332011
6135789133
6105332011
6135789133
6129207289
6105332011
6135789133
6107014620
6124698391
6105332011
6135789133
6133850119
6105332011
6135789133
6105332011
6135789133
6098117179
6105332011
6135789133
6123812439
6061583033
6127151009
6105332011
6135789133
6078546628
6127665915
6105332011
6135789133
6136527943
7350957111
6105332011
6139407884
6109261007
7403569842
6073873110
5981045211
6135324239
6105332011
6108057724
6073873110
6105332011
6073873110
6105332011
6067448220
6073873110
6105332011
6123179710
6073873110
6105332011
6073873110
6105332011
6073873110
6105332011
6073873110
6105332011
6135325199
6127491948
7340992371
6073873110
6105332011
6120796157
6055619092
6137064013
6117551583
6073873110
6105332011
6129611091
6119557975
6073873110
6105332011
6073873110
6105332011
6128515925
6073873110
6105332011
6137112205
6073873110
6105332011
6073873110
6105332011
7404082165
6073873110
6105332011
6129309855
6073873110
6105332011
6073873110
6105332011
5998155207
6127377697
6127441313
6073873110
6105332011
6073873110
6105332011
6126563564
6073873110
6105332011
6130128410
6118969296
7411858356
6126896601
6073873110
6126395302
7411101302
6118969296
6073873110
7408453808
7396697072
6130418287
6118969296
6073873110
6038193001
6135836555
6118969296
6073873110
6129491037
6042201881
6118969296
6073873110
6123282656
6018620326
6118969296
6073873110
6034080724
7381031030
6118969296
6073873110
6118969296
6073873110
6041151418
6118969296
6073873110
6118969296
6073873110
6024909187
6118969296
6073873110
6118969296
6073873110
6054318672
6084021772
7389414709
6118969296
6073873110
6118969296
6073873110
6126842472
6118969296
6073873110
6126491554
6118969296
6073873110
6118969296
6073873110
6123383438
6118969296
6073873110
6118969296
6073873110
6118969296
6073873110
6118969296
6073873110
6118969296
6073873110
6135260544
6047590461
6118969296
6073873110
7415872948
6133588802
6118969296
6073873110
6126782946
6133210683
7391215668
6127611019
6100722829
6139596044
6118969296
7245296119
7263185207
6136628743
6136612359
6118969296
6130546445
6042052115
6135469190
6137227213
6133223739
6129421343
6054116842
6074536027
6133712252
6105684601
6124586850
6117705639
7393381426
6126979885
6127610796
5969585512
6078780312
7411715889
6128475897
6127457828
6127278225
6127196118
6130940572
6127648743
6021020112
6054116842
6134859711
6128682147
6129415545
6119245459
7409651511
6052327375
6130630639
6122103237
6130693295
6061802499
6123179710
6054116842
6129451920
6062060501
6128682275
6101150573
6047590461
6079521991
6129414073
6096986668
7401399539
6127976702
6061158766
7305857205
6134972288
6133713532
7398973428
6128679575
6054116842
6117300539
6135000577
6128673315
6127646503
6114286695
6068562594
7359393909
6122501720
6126452846
6130270938
7390204080
6127051262
6054656475
6079077581
6130029725
6123591641
7402720753
6103563070
7414080114
6129744378
7409266871
6129360095
7409679217
6109633893
6126917207
6030429805
6108808221
7410630835
6127582060
6119249358
7315356786
6133016645
7412860534
7352420785
6069005786
5463102176
7398937396
6133790210
6077469003
6133715401
6135059275
6066179652
6115141574
6108107616
7327312119
6108138222
6049283273
6127163342
6119875326
6130082778
6064810589
6133019589
6135500678
6107949867
6131588027
6075494507
6123422716
7364142004
7352681713
6126759394
6072294828
6109015135
6129467769
6110376020
6127850306
6134739017
6112383164
7383982903
6132231163
6074287502
6131000751
6127948455
6128980119
6139718094
6127686506
6128980183
6101484809
6127999057
6123129131
6124788580
6126814694
6126457198
6030802645
6106926358
7383447026
6130055699
6139728846
6060996758
6137777162
6127805544
6125583019
7382193141
6128104529
6129135319
6125096300
6129799545
6130187731
6129920528
6130440282
6129814613
7416454644
6135768201
6135953030
6102211006
6135768201
7410546423
6132401981
6128122853
6128443885
7410705847
6128268008
6131763439

6136724043
7417022518
6140272462
7414875122
6130671954
6107445698
6130858655
6127886510
7325234161
6136579334
6132768637
6137388555
6129131153
7408694448
6131696347
6128768852
7403151158
7409774064
6119073931
6124223659
6130749113
6127459048
6127764651
6113911814
6116440875
6128270998
6124683834
7411218167
6123994138
6127818022
6078597918
6129496047
6130504536
6129940393
6132142383
6128346978
6076166673
6130467411
6125701662
6129991383
6128997351
7410055856
7312700020
7414079733
6124928798
5974572448
6111737671
7416641972
6136289551
6140907342
6137032191
6070541191
6131670427
6009809025
6080235685
6121996693
6114572898
6082619141
7415554866
6108194334
6137210635
6122100122
6073864003
6136614848
6140912654
6127603302
6137938250
6128453544
5991251758
6132418844
6133798603
6129898582
6014874524
6070321148
6123830353
6120025751
6129013729
6119495400
7410270455
6127679019
6136829312
6135930890
7412278710
6007312536
6096083544
5448239823
7327351159
6129088146
6092556783
6122975067
6136301696
6129255754
7411089463
6119194624
7365844274
6132404572
6130871263
6129194193
6133457102
6002689889
6106391326
6131406460
6129379925
6057758398
6129142439
7350923895
7307643889
6135368140
6136512449
6128046995
6116877858
6137019199
6110558334
7417234102
6139950856
6136502719
6135585423
6133145738
6131432859
6129815520
7417441012
6140423500
5416283188
6063719590
6139658056
6131673501
6136820800
6112303690
6127093727
6061483352
6129820832
6131675165
6129107361
6138294343
6128159067
6129218599
6129107105
6084971716
6075546186
6078252390
6122036565
7412771253
6129052052
6141101772
6137513867
6130962873
6139503683
6127944171
6122482847
6132269807
5400681578
6129050580
6138296839
6128928680
6107184750
6129988630
6129051860
6130962297
7417299574
6128552801
6046566484
7355952693
6054065339
6129683414
6131686408
6123877027
6127206370
6127978311
6067465994
6138781197
6141221836
6126480220
6139966088
6129055316
6136937472
6128036075
6128036139
6130244579
7417014902
6117949177
6131220371
6135270652
6136939008
7412166835
7411319351
6131090840
6134496194
6135626816
7413318897
5450137262
6140981836
6033076059
7318788083
6053050218
6061289035
6131008792
6131090456
6118226024
6136209610
6129225639
6141277836
6137120319
6141313548
6125520870
6136643469
6128717093
6126096009
6129151340
6134784827
6129675168
6119694918
6124554275
6087850125
6078129156
6126063966
7272616244
6125254245
6086573735
6111580577
6132046269
7405846195
6141359756
7413019249
6137020032
6131824954
6124431852
6130336727
6130238112
6123276703
6136667713
6131385455
6062914027
6131512478
6139893768
6130837481
6129658814
6116130909
6138983626
6127393060
6118913102
6132354095
6129160812
6126825731
6112118017
6129256543
6129283180
6127038252
6124058589
6132121656
7407888307
6130435858
6126383455
6131777821
3704920
6064744353
6140107336
6126515618
6133204541
6137217471
6131054034
6131053970
6120732866
6126333972
6130350167
6111018233
7417665268
6131921178
6130350807
6140116168
6128174502
6130933801
6101542011
7351117937
6130863701
6116246403
6124607188
6040283514
6129217060
6135009915
6137228671
6126482013
6137047872
6136676161
6040804372
6129304940
7415748018
5401520352
6128146539
6125193405
6140123528
6131319901
6138411783
6010121063
6092179614
7413360305
6070954045
6135359554
6123409095
7415748146
6141385420
6135009979
6131092831
6079077404
6129326526
6138291012
6088815402
6074503835
6131419283
6138970250
6044150942
6127098194
6111688489
6128599397
6122292568
6138900685
6131668445
6126283770
7417665332
6132056731
6119012971
7355742708
6134719420
6138902157
6129805027
6129179028
6138248903
6106328294
6129140500
6129097642
6128859562
6133497605
6137058816
6130080470
6132309615
6121410668
6130101014
6128950245
6052271657
6129716231
6108929151
6137076489
6135380284
6129306220
6074627500
6128133230
6129033172
6097333422
6062490413
6128911444
6140691854
6086938170
6126592828
6129249441
7410263408
6113254762
6134528901
6133282429
6139399364
6137238534
6133286845
6075023041
6136747777
6129582718
6135387452
6131143801
6111883053
7357668468
6128658402
6085319718
6135080571
6137667915
6139249219
6128217382
6136738241
6131143929
6013430086
6129025253
6131900186
6124680211
7410318256
6137073216
6130065945
6139024970
6131125737
7414835445
7415837682
6129759934
7417443894
6131117855
6134937531
6135351554
6125801657
6117686957
6089183832
6137008319
6087417868
6073927545
6129185381
6129382292
6137845899
6078764936
6123079768
6102592841
6138919620
6136908353
6130581335
6113938668
6130572515
6116978364
7244838963
6103485090
6139074829
6064109533
6061319823
6121213352
6055765928
6131638430
6092887361
6119124452
7413994869
6129690831
6133235771
6131651997
7413656561
6137054143
7412511091
6116002185
6139397060
7406426291
6137182143
6134714127
6129203306
6131757086
6038966049
6090883018
6074082721
6128023442
6131651795
6137255871
6109177060
7411460087
6130571171
6135523836
6133604866
6135232123
7413663473
6130485664
6128372907
6131649950
6129435092
6130259929
6130601429
6063725697
6138682887
6129285601
6131330578
6127417637
6134390285
7411697207
6045039826
6122670293
7415088692
6129622115
6107886177
6137306880
6130593315
6114647980
7412499187
6130522464
6073407632
6130799239
6122470420
6033356698
6105695480
6131584787
6129592035
7416011058
6131361887
6137316096
7336320951
6111460882
6096585112
6135776641
6126155142
6137140936
7412526643
6128328046
6137488895
6132312219
6130268569
6087987457
6060054427
6131307113
6131232633
6128985444
6137895563
6135687426
6130618147
6125599760
6129472220
6136881796
6128403758
6069416786
6139507460
6061200536
6130598051
6121776546
6128428262
6058441763
6139703235
6111048486
7372376949
6131797406
6027783844
6131472536
6130627095
6091321810
6140322824
6129948990
6136889217
6139261450
6129338605
6070714176
6101938060
6113208610
6129607527
6130616792
6056995494
6131266709
6133403912
6134941701
6129340269
6139889155
6129608743
6128403627
6053713448
6065337001
6128416043
6120588410
6129936382
6131877723
6130373270
6135268475
6125046950
6127135167
6127862246
6127608289
6110524384
7412771253
6109383898
6137980814
6132996492
7411053365
6124850234
6117820901
6067146795
6138761868
7408234864
7407357424
6108488676
6131129109
6117137832
6129341528
6134528901
6132393215
6056448657
7405142262
6040652527
6132867356
7412093810
7411540657
6107508459
6128506082
6133443909
7409774064
6131584787
6128263534
6133500733
6129242597
6129242533
7344985842
7410542832
6129157460
6139612100
6129507105
6137326784
6137326720
6129449620
6132671983
7390864113
5986816892
6125302161
6137378959
6131373791
7413669681
6117380038
6131402768
6135667388
6129590764
6044502690
6131292181
6118519080
6131318633
6131351737
6128868834
6139577860
6132891868
6131331385
7413218033
6128423339
6128414830
7409580852
6131344658
6056991329
7417654902
7390974769
6129262115
6129448084
6129384020
6139880195
6129617447
6131342546
6131728699
7416026290
6137980814
6139609678
6002615740
6132428090
6132899420
7409368368
6128436011
6131903437
6131734366
6137337999
6140407816
6137516991
5447542372
7416030514
7415031541
6129461140
6137105792
6120795093
6129255013
7410561328
6129191143
6104274523
6131306197
6084959551
6135720770
6129797177
6137459782
5461451043
6129543588
7392601333
6122492579
6129616364
6134659452
6132350683
6115090155
6013482192
6066670155
7409279216
6129614700
7337255092
6121899176
6101361023
6119286545
6121053080
6135703297
6125446283
6078835847
5978963256
6135709634
6127015574
6128343460
6119338080
6129249703
6124723943
6127935649
6138917699
6122893990
7415056309
6001445959
6135532738
7417649398
7390224307
7404039734
6109261695
6128795800
6132328526
6131728699
6129121703
6118119242
6111818921
7402428919
6038647659
6116935577
7253299376
6139038467
6119947546
6121042913
6133388166
6129409730
7407104309
6084969553
6074965201
6129581016
6129614183
6119461032
7409970677
6131942575
6133139850
7407021044
6128389053
7414529334
6129567916
6115581651
6120082707
6130609016
6063506780
6077375199
6128813265
6139249219
6108470102
7411776691
6047455551
6129189417
7415023606
6116130909
6126155142
7410546423
6026015307
6136829312
6129576684
6117797020
7404323379
6129548180
6130621984
6129548244
6130719319
6131362259
6052568665
6072471072
6116519909
6129805027
6032699547
6065804450
7415748146
6100828687
7417206900
6125245908
6113940836
6074549419
6135784194
6090208906
6137077632
6125998232
7405496246
6127154729
6126825731
6122492132
6128209631
6074793528
5995394216
6122131095
6131444878
6076408518
6139707268
6115726190
6134714127
6040399701
6065878230
6139371466
6040208600
6108659323
6141386636
6130467391
6123251232
6122470844
6106283239
6054354773
6140458504
6121666665
6139043146
7329041908
6119639339
6122388758
6129179985
7415831670
7361267316
6128159485
6112356166
5972347103
6087850125
6062035363
7380043763
6132319706
6135409920
6106017677
6078465411
6121402461
6075527507
6128023365
5986497747
6131304645
6130655072
6124101352
6129529878
7401836725
6138549255
6127031078
6127731861
6120571691
6131517501
6128270998
6127044590
6128994082
6133712964
6126960325
6126283770
6119186601
6131089746
6116246403
6122914332
6132048575
6130262853
6136275981
6117060970
7410665459
6117222824
6125592632
6103568277
6132965724
6137076801
7409207221
6135768201
6131963965
6141359948
6075704704
6129797177
6128489766
6128008217
6128523686
6130185376
6051711329
6132200093
6130182138
6124345069
7325237043
6110558334
6087989996
6127815585
6048006886
6132316741
6127817956
6122226983
6122319594
7410185392
6115064867
7412677427
6121450788
6108544546
6106110631
6131217401
6124023297
6115793766
6138248903
6121204299
7364142004
6109633893
6080885157
6054493959
6126457198
7409506800
6061720292
6134302081
6131421842
6137252608
6129108953
6131312986
7406504755
6137656831
7368034416
6141249550
7389033584
7411025267
7400559479
6058991850
6079042592
7355742708
6119910354
6114587134
6125029243
6118131802
7410162033
6129770585
6095238656
6123158251
6106391326
6129520360
6118025386
6141379534
6136784196
6139479178
7329069878
6130833379
5971440703
6131032333
6116189909
6129772510
6127348584
6054318672
6119234666
6060321748
6131119893
6116264021
6137073216
6118083239
6137516991
7407268336
6139165507
7384210612
6139994051
7389631859
6002817094
6124561128
6129191143
6141579150
6071870008
6125187299
6128639592
6076944296
6137140936
7395231158
7398554928
6127072517
6069506926
6069257303
6127656091
6075621541
6115709545
7410181937
6127417637
7412704179
7415225525
6054548351
6093194565
6137472127
6126528016
6112219239
6135895170
6119040825
6132210138
6125636974
6132387211
6137719615
6125947783
6130848727
6135913407
6127679019
6139612100
6125163010
6120131155
5992117629
6131911187
6125950927
6127958525
6126222126
6126256162
6131559570
6128105000
6110335760
6067298671
6123351132
6137662726
6119556905
7411926327
6092923358
6128992290
7407239473
6124471130
6119264595
6083468802
6108648665
6130416982
6132098717
6102807550
6119184559
6129647741
6120763896
6131337321
6129993214
6131497348
6085272257
6132642874
6135017084
6131928797
6129253674
6065803534
6129671889
6130850595
6108915862
6028358630
6111562490
6130283512
6119517859
6138753287
6061855519
6117661271
6125000858
6122722793
6129953751
6127536367
7412726005
7395653360
6132650234
7392731571
6132650170
6066499918
7410771888
6135286591
6134539148
6132726748
6130812552
6123225342
6127747354
6131709272
6127955478
6132640399
7417043124
6132488378
6063877599
6127652346
7396441456
6119229074
6126654177
6085792571
6131389692
6116378637
7408426418
7415858802
6128207380
6131379922
6068883234
6129960656
6129069993
6129837479
6139851524
6134937539
6129104554
6130415826
6124988908
7411526579
6131576722
6094817995
7418090868
6131532882
6141352078
6139365517
6139780163
6077930879
6128693094
6132916015
6132880111
6074683614
6112151261
6066641296
6131556841
5993991015
6126800468
6056971946
6026695830
6128545067
7399785524
6074503163
6132641147
6008300094
6075382628
7412648435
6131563920
6129088146
6131593307
6129728785
6126858428
6133440573
6116651493
6103735784
6121289248
6056975261
6060230148
6124899758
6110514533
6125928511
6137933581
6132496186
6128506669
6130516889
6129824236
6136820800
6131824954
7411955767
7379260465
6093737646
7412730481
6129012952
6137761800
7416779828
6127334045
6070325178
6116800813
6120200548
7403577655
7292336182
6095766480
6131532629
7407585139
6134637702
7411372279
6127088723
6101947300
6125349290
7408825719
6131947155
6131364816
6117119754
6127098194
6124397469
6121227170
6131681368
7373122736
6115297361
6139368397
6132274269
6120048110
6134390285
6109642814
6127996810
6126352934
6136565449
6065973917
6124452986
6074025708
6067145406
6003985996
6117577764
6129648477
6131431609
6130361529
6138884428
6114571984
6128363862
6137207809
6132330586
6032187462
6080047681
6125882624
6056774593
6140190595
6110664444
6085706541
7417983606
6052327375
6124254997
6131647506
6065832908
6132628059
6116250782
6129233837
6077753466
6131425833
6124057184
6063537504
6129041168
6133589961
6128373989
6130972475
6128757158
7410705847
6131562840
6133415553
6001336936
6103563070
6129260889
7348949623
6126446114
6013347966
6070019259
6113091130
6130945239
7415083314
6133132539
6129558181
6135618815
6138993415
6085484175
6120189154
6131518686
6085519050
6072457090
6069085450
6137073672
6123122274
5993659716
6095286061
6013093727
7415245045
6131537429
6075193251
6126097370
6094784475
6052886375
7402060081
6128468432
6109671891
6113014525
7355844662
7417993974
7414240949
6069077514
6086384720
6077147535
6112442628
7378296500
7411199537
6139471949
6128817018
6092932415
6123892143
6131659922
6122224495
6137148813
7416344370
7408415731
6142005516
6135367687
6137842687
6101454843
6056742460
6065482857
6132542170
6109177060
6133003247
6123861716
6129716231
6139469517
6129881452
6050104209
6091093477
6127547476
2698618750
6132656539
6124843418
6120282594
6131997726
6127785494
6120001887
6109706626
6129616276
7386062771
6131910867
6114543865
6102070371
6129116962
6129821089
6127881827
7405846195
6025836242
6129799572
6131655966
6118137582
6136206478
6053708770
6060635864
6125520870
6124421149
6128758510
6053143933
6134422989
6050846526
6139624010
6114444652
6131727647
6120271194
6060217530
6131486037
6059355995
6126403472
6125713849
6136954319
6127884839
7372996980
6120559719
6065132267
6104757842
6134124355
6120763602
6012422571
6139045639
6129711905
6128771438
6128876378
6137306880
6104334171
6130009361
6131714745
6133145738
6126732325
6079888732
7415088692
6136250116
6033367518
6132350683
6131437240
6133739404
6049941889
6019501528
6118535215
6130567017
6128556204
6123727059
6136883471
6137105792
6035255295
7417882230
6129229844
6139820292
7293846068
6130574937
6137533190
6088236630
6105364582
6137287053
6107083943
6127907386
6051111881
5434667076
6100722829
6133612549
7348047543
6133259036
6132462557
6131016469
6074559116
6128603163
6127657625
6129845396
6129453780
6134481218
6125891732
6129562269
6117722199
6112345099
6129113539
6131707753
6132604634
6137687375
6095618137
6134518862
6133873853
6070879703
6129634981
6121813615
7407964855
7410904691
6139564104
6131051102
6095484540
6122185421
6135809487
6130909536
6109333794
6109679942
6126267295
6032075793
6063562215
6137715392
6112401668
7412103415
6137255945
6072472413
6120879009
6125672346
6002099800
6078835847
6113938668
6049093542
6072018605
6071083398
6095198077
6105152934
6122582766
6128760299
6128810862
7391760116
6136100226
6130775126
6128734022
6111496603
7366376179
7313754103
6076198404
6107501411
6009073576
6091815464
6121495135
6129567312
6129852997
6131497280
6137682240
6125449528
7410238448
7313049587
6135501122
6133333115
5462704531
6059398871
6141785422
6017016107
5988882890
7401111028
6053638155
7397162099
6069860947
6115329834
6041757225
6094515938
6119259293
6132946488
6134739017
6132824122
7408637362
6137294273
6135719298
7414078385
6129755035
6127611751
7381031030
6113200998
6070208860
6139556877
6081805501
6058925780
7414108337
6129033172
7386004144
6137565635
6132951672
7406475764
7374787186
6129714664
6137724544
7339197808
6128862246
6102713105
6137724480
6116531753
6109521372
6127780575
6133898493
6136107714
6115808664
6124973946
6127420967
6055528012
6108232953
6129770282
6127387104
7350123505
6060926279
5980859514
6129065066
6130974551
6047791488
6027783844
6128486057
7415417909
6093115161
6138290507
6080974973
6133290588
7344985842
6141042254
6115876757
6131669205
6065387759
6137316481
6069061103
6131031907
7250072949
6042997564
6136072188
6126477629
7360807603
6128826859
7250331955
6107766691
6131031139
6137919423
6137592009
7390864113
6138600388
6124853374
6029698987
6063877116
6132485341
6132214302
5986816892
6132594906
6133097455
6132154718
6142052300
7418052470
6129866068
6129728040
6130337513
6068811423
6105693738
6136986950
7379145779
6128241150
6132863224
6083595740
6125323193
6130711495
6133877309
6128328046
6128749972
6120705698
6090741998
6103504644
6107007067
7398106804
7412214706
6139666826
6126763792
6137856582
6131774905
6036624809
7403113393
7359218035
6135699131
6128830894
6130828640
6132027283
6115012883
7418102454
6057662055
6124952346
6065343658
6139085063
6120995690
6130701017
6093952145
6137999947
6103547177
6129062494
6132043405
6132636890
6044764491
6139116103
6098013030
7400543600
6111814554
6133417789
6139121735
6128510672
6131799696
7414983541
6139395844
6123134351
6130608217
6130949920
6120078932
6129764845
6093301474
6136232263
6129949732
6125699728
7416435570
6129219565
6111905790
6141799564
6110631908
7413346545
6123381330
5966006420
6129384295
6121050286
6120005531
7406426291
6132106971
6040175645
6102935318
6117291810
6063122520
6132194524
6126555557
6137860998
6137792649
6138952200
6136098748
6129000228
6064358600
6137808393
6137875398
6072606850
6100070062
7409422263
7292134580
6110529999
6130692246
7403271730
6130766679
6132302086
6116960038
6114260652
6109347048
6127855147
6109101613
6125044250
6139609678
6124091854
6066843036
6125701662
6139195405
6104823599
6129807018
7411992177
6128148792
6129335327
6135649595
6118388579
6129318050
6121557025
6134729740
6130828054
7411434038
6116317139
6134172808
6133139228
6098311335
6130810829
6131794322
5391114284
6130070055
6140290574
6131821023
6058770410
7415321781
7323398583
7413009523
6000857631
6133130671
6112176175
6126016912
6103384515
6128647720
6130751727
6130058151
5982395087
6137871558
6102965329
6129409770
5978772330
6120797755
6129118290
6129930010
6140242563
6128108116
6128174162
6039690709
6134496194
7403705717
6131696734
7415354997
6019946845
6130071463
7351638647
5426451569
6132146579
6131279757
6040000428
6130974688
6129582718
7412303155
7412173559
6111427853
6129618922
6128552801
6114219237
6123373286
6128878254
6140867208
6121711689
6126693049
6122258983
6135382599
6088651096
6114868508
6128552789
6114729346
6088993349
6129431461
6127366169
6110474280
6139150471
6086300371
6128239595
6084945796
6124597850
6124571418
6098059427
6086600190
6117365717
6136734286
6131742613
6055868759
7410908790
6137652416
6128807398
6089965822
6076759149
6131435776
6141889294
6119319965
6128492372
7416515442
6128296852
6126623584
7413018099
6125275748
6065812956
6133180143
6129513425
5460384655
6131905296
6138019839
6126877079
6104017178
7398856496
5439558703
6131949506
6135941129
7412229175
6104900435
7398031156
7338468855
6130130855
5989801888
6127948653
6127093727
6128929963
6140748552
7412231287
6131037216
6063325251
6128912683
6111048486
7410116784
7414218545
7416515634
6068403524
6139212743
6110040187
6130946848
6065543391
6118857647
6006223745
6121258749
7402205494
6085575211
6131442194
6118106278
6140408515
6132216083
6108107616
6092651512
7418475124
6132004440
7418340596
7414190706
7411902391
6103042627
6126843747
6097012794
6129736835
6066479708
6085990731
6133071800
7401592432
7403209202
6129539233
6123156241
7410422901
7400919607
6120567205
6129541988
6126086669
6122256036
6070885538
6066581482
6130606283
6124540251
6134937531
6128820246
6115093869
6129973860
6133145500
6137710080
7372845749
6046998980
6076171595
6133535101
6031809153
7412444211
7363580083
7397518004
6120902563
6140241347
6125735836
7400018096
6135549826
7410877168
7331507189
6105522519
6045549996
6130221996
6119708775
6138658187
6134016189
6132584414
6130758014
6135244104
6113101033
6118783565
6138231814
6142177806
6054565038
6034482761
6132163032
6129610064
6140030026
7409989488
6131188758
6097570120
6132206672
6134867836
6118248086
6135796104
6073931282
6136381506
6120354346
6128891630
7412422711
6105684601
6129802917
7414514417
5982096703
6064495847
7412519479
6132910106
6104249449
6131099033
6127363065
6120093129
6119368266
6128120955
7401940530
6124789589
6141315532
6129222187
7415166002
6105390749
6130051437
6127603302
6131976704
6132277464
6131441751
6065719699
6004569856
7417875190
6120460538
6142187790
6130128872
6131438499
6029221759
6136517378
6138059968
6128995627
6047359019
6114151878
7414290225
6130050836
6139418247
6136354364
6140635715
6130345046
6131201302
6132094613
6108155672
7350162548
6077100778
5988857953
6096646891
6138157455
6130307820
7418500342
6135701698
6131876713
6127809880
7346721010
6137210635
6123168274
6139518279
6112281056
6140901896
5979167789
6131383135
6132231163
6063891452
6130090728
6130346660
6113577189
6142492876
6075919821
6075919821
6075919821
6075919821
6075919821
6075919821
6075919821
6075919821
6075919821
6075919821
6075919821
6075919821
6075919821
6075919821
6075919821
6075919821
6075919821
6075919821
6075919821
6075919821
6075919821
6075919821
6075919821
6075919821
6075919821
6075919821
6075919821
6075919821
6075919821
6075919821
6075919821
6075919821
6075919821
6075919821
6075919821
6075919821
6075919821
6075919821
6075919821
6075919821
6075919821
6075919821
6075919821
6075919821
6075919821
6075919821
6141121672
6127076818
6132884701
6092142097
6078563262
6123252295
7407011765
6132370843
6131322199
7416777906
6086812488
6128835042
7415401589
6130174189
7416839218
6087198697
6131416995
6129536249
7411174128
6138259270
6132202207
6093341924
6129198818
6061866753
6129109771
6116899393
7415646389
6129012645
6126422020
7412152753
6090389806
6074731225
6130434028
6138019663
6122612116
6038372792
6131223958
7378917173
7360267891
6129245926
6023490914
5971914790
6131158806
6139009927
6131932888
6136128123
6133227517
6135800005
6078549891
6132328856
6133539100
6059461219
6132182802
6128937134
7418788788
7338605424
6135534158
6125421268
6134002813
6128116504
6127894178
6087000970
6138030150
6138412170
6135587469
6032754086
6036423390
6038621000
6135061129
7359920176
6129313382
6121592360
7412559479
6138243721
6118745761
7412554679
6133460444
6131433794
7354538162
7410272949
6125947475
6129251563
6126781615
7346183286
7416109812
7393194418
7416650162
7341324849
6105426412
7413215985
6133572682
6133102170
7404862579
6138265039
6128661308
6136166779
6110128400
6129925716
6128360926
6100983063
7416858930
6137895563
6125555521
6132371288
6125389533
6142221582
6123735892
6129784943
6121900442
6129511148
6138311558
6136545148
6130343060
6039247632
6138256905
7412495351
7411423408
6132221842
6131517847
6087145869
7413019249
6125563656
6080057685
6131218745
6081142364
6122065262
6129797449
7410503857
6131323594
6128270998
6131158806
6130243946
6076066031
6130692246
6104928865
6111176952
6130374329
6127862246
6118487692
6118025386
6069146702
6137687375
6132274320
6132227858
6129904483
7415899573
6074973380
6109383898
6138320262
6093869991
7413457843
7404039734
6129709986
6129979985
6135669884
6133675725
6103026442
6123218832
7393470834
6116105326
6139196804
6074028798
6061283737
7404569271
6118083239
6140162314
6117900654
6116899393
6127935649
6092921417
6139159236
6133612549
6099558546
6106572246
6134783558
7412600055
6126528016
6138111168
6061406181
6128891630
6064233048
6117679641
7413888374
6054318672
6135021963
6122492132
7414240949
6045484069
6097350367
6128453544
6125202054
6049877703
6051603092
6032782190
6116924510
6136886280
6114019815
6117324196
6129536249
6131982744
6108488676
6134002813
6112366520
6109385389
6133145738
6130440830
6113725588
6103735784
6136471168
6138075464
6113366758
6062872861
6140617475
6049314310
6137207809
6132458142
6113248648
6109671891
6127862359
6139043146
6132173481
6121103225
7414346673
6135017084
6129515426
6136207817
6105554668
6042705223
6001445959
7400543600
6128978711
6128313565
6136012751
6130345121
6119186601
7412259763
6129311342
6122600996
6132910106
6133139850
6125106402
7413346545
6131548157
6139371466
7392731571
5990830413
6128343460
6134637702
6128320855
6093952145
7380212913
6113938668
6125749018
6136359164
6132200093
6129237854
6136352323
6131537429
6057758398
6125139105
6114897285
6121776546
6127222633
6137340228
6121173371
6131522455
7395653360
6139614599
6132429368
6130379348
6124448082
6123569555
6138435711
6131621957
6118865873
6131358997
6122984971
6109655209
6083465485
6103791305
6099975068
6061843299
7407283895
6050101542
7389572657
6130826061
6129797177
6119537559
6083667016
6122259224
6098042175
7356400438
7408848049
6068640791
6039690709
6128239595
6121892669
6136250116
6140635715
6135768201
6108107616
6105002706
6128540689
6132238057
6132569555
6136201482
6130884201
7409274864
6138261632
6113978918
6130516204
6080753432
6117797020
6119234666
6071005407
6132988527
6079199701
6129207297
7411516464
6130466723
6059985862
7348589557
6132362704
6043783200
6135649595
6051711329
6131407802
6140845059
6135179531
6133455612
7414190706
6131279721
6095910600
6126971856
6063506780
6090889259
6115581651
6061200536
7403604850
6126857443
6128308884
6113967418
6122628671
7415957173
6129589206
6129647741
6085484175
6038647659
6070401725
6122179118
6138296704
6128491821
6110003242
7415986165
7345301553
6133724616
6122215465
6106278109
6114265127
6081105819
6100722829
6136643900
6129283180
7412687607
6129808292
6132198936
6126438037
6117339424
6129724759
6131404169
7414494961
6139671047
6131683648
6121532826
6138877067
6129940393
6117722199
7387740913
6132269077
5461763431
6117683359
7407914292
6133526200
6125163010
6030123865
6124630336
6120622231
6122297054
6102997864
6137077632
6133095066
6135367687
7411425968
6138414790
7358767221
6130645457
6104964970
6060831822
6132393215
6057867323
6130462433
6128124817
6073786301
6131277913
6107153763
7398621808
7415973429
6136188356
6128777323
6131437240
7410361841
6135715141
6074578249
6129888225
7418894452